Index,Table_ABC_segmentation
51343,A
52861,A
51392,A
49376,A
52862,A
44939,A
42257,A
43706,A
47150,A
51027,A
315,A
23068,A
18125,A
92,A
24606,A
43399,A
20757,A
40212,A
52475,A
35754,A
19561,A
5462,A
41796,A
53065,A
41648,A
45993,A
22732,A
14313,A
10923,A
23293,A
2444,A
8203,A
9295,A
48506,A
24096,A
1276,A
5363,A
22517,A
46697,A
9950,A
527,A
49833,A
4685,A
47403,A
713,A
47758,A
1525,A
11758,A
47233,A
1228,A
23259,A
15952,A
228,A
52584,A
18025,A
46504,A
36905,A
14492,A
34070,A
47532,A
51154,A
36504,A
52676,A
53543,A
6796,A
2210,A
26223,A
25900,A
26671,A
48123,A
48183,A
32378,A
2273,A
16409,A
42674,A
42574,A
31612,A
48618,A
48595,A
25866,A
48598,A
1599,A
37503,A
51226,A
19503,A
38584,A
2927,A
5776,A
9204,A
48627,A
48284,A
297,A
53155,A
23104,A
1904,A
46990,A
5364,A
47110,A
1499,A
21157,A
50249,A
25067,A
25138,A
24620,A
5895,A
23857,A
48687,A
43302,A
50711,A
6163,A
49613,A
22573,A
8919,A
1141,A
7756,A
24524,A
14653,A
49161,A
3171,A
17875,A
40107,A
40446,A
52866,A
11684,A
51625,A
20245,A
51618,A
6741,A
357,A
10110,A
3237,A
51049,A
5152,A
9214,A
50257,A
29621,A
9104,A
4128,A
47776,A
3,A
26255,A
26206,A
23540,A
6029,A
772,A
6920,A
51342,A
24449,A
18470,A
48778,A
48853,A
2858,A
42644,A
52084,A
42665,A
43560,A
7705,A
15758,A
15863,A
52283,A
51086,A
37746,A
6813,A
26221,A
4791,A
43067,A
26376,A
5082,A
42805,A
11994,A
42724,A
21886,A
51873,A
32631,A
53696,A
18294,A
53698,A
18195,A
12438,A
40161,A
40336,A
40376,A
11438,A
1881,A
40034,A
8037,A
51229,A
17832,A
11630,A
50480,A
6631,A
36351,A
17619,A
10026,A
50485,A
43518,A
43777,A
2072,A
16126,A
23196,A
35965,A
8529,A
51514,A
41660,A
17238,A
17198,A
17359,A
20442,A
35143,A
34943,A
49939,A
44418,A
7351,A
51731,A
49248,A
50843,A
5495,A
31962,A
50243,A
52168,A
5907,A
51592,A
20960,A
41893,A
2132,A
6446,A
21417,A
47505,A
13764,A
13606,A
13703,A
22835,A
3886,A
2299,A
49813,A
8674,A
43778,A
47741,A
25481,A
13487,A
27836,A
1494,A
5602,A
4487,A
53786,A
4641,A
26845,A
26778,A
5173,A
5132,A
25092,A
51115,A
53227,A
24892,A
48122,A
4786,A
26263,A
4974,A
48635,A
42906,A
48463,A
47813,A
47396,A
4583,A
47836,A
26888,A
26808,A
26764,A
220,A
27647,A
2916,A
38197,A
50860,A
51074,A
4961,A
53757,A
9393,A
9438,A
48242,A
12788,A
4648,A
25851,A
25853,A
25910,A
26835,A
8572,A
49882,A
49937,A
7544,A
43034,A
21611,A
32507,A
10422,A
505,A
42775,A
7517,A
42680,A
2263,A
50070,A
11831,A
31121,A
462,A
15670,A
15516,A
49258,A
43936,A
44033,A
49484,A
7590,A
49539,A
15978,A
2144,A
43294,A
16641,A
49793,A
11837,A
51542,A
3596,A
21301,A
33085,A
3609,A
10594,A
10571,A
42153,A
42154,A
16787,A
7433,A
42192,A
42198,A
42188,A
3958,A
22832,A
23168,A
23095,A
30410,A
52167,A
52137,A
49058,A
15197,A
15147,A
7787,A
15322,A
15326,A
49283,A
12148,A
3839,A
3809,A
3393,A
20316,A
6565,A
8948,A
3476,A
41695,A
17151,A
41504,A
41650,A
869,A
2475,A
41146,A
50175,A
933,A
14862,A
49068,A
12316,A
5853,A
5854,A
52177,A
23498,A
5847,A
4091,A
23568,A
4158,A
10170,A
3937,A
31179,A
31180,A
22992,A
36524,A
35490,A
35684,A
20103,A
10760,A
51373,A
2505,A
40970,A
17782,A
50573,A
36959,A
36857,A
37341,A
51408,A
23766,A
4213,A
5673,A
5660,A
24125,A
13993,A
13974,A
46059,A
49208,A
1197,A
49212,A
45342,A
7953,A
45117,A
45078,A
14638,A
14617,A
14848,A
51228,A
10978,A
8853,A
40441,A
40416,A
40193,A
39973,A
39948,A
50437,A
11437,A
11416,A
6876,A
19090,A
19463,A
27783,A
28271,A
9149,A
5474,A
5447,A
27650,A
52749,A
52732,A
9963,A
1642,A
13724,A
46700,A
46463,A
12548,A
8432,A
23764,A
52870,A
240,A
47088,A
13524,A
13492,A
12747,A
8364,A
4365,A
19247,A
37813,A
19237,A
37531,A
37218,A
37200,A
18130,A
50628,A
39386,A
7002,A
50685,A
11330,A
38889,A
38821,A
18838,A
38439,A
51019,A
48376,A
146,A
1423,A
48549,A
13009,A
9290,A
9242,A
9660,A
53578,A
11667,A
50314,A
45601,A
9597,A
9254,A
4921,A
4906,A
4916,A
4886,A
4872,A
26582,A
4873,A
26540,A
25958,A
26636,A
5093,A
25793,A
48132,A
12840,A
48542,A
48534,A
9815,A
53223,A
4761,A
25779,A
25675,A
26907,A
25659,A
201,A
26983,A
4673,A
27209,A
27197,A
5262,A
5266,A
47721,A
47698,A
47793,A
48392,A
48619,A
48693,A
48670,A
13186,A
13166,A
13024,A
8266,A
8284,A
1351,A
4998,A
53841,A
53829,A
9473,A
13377,A
798,A
11206,A
8784,A
8779,A
50918,A
50959,A
39372,A
39244,A
18167,A
7097,A
7089,A
39618,A
39502,A
2731,A
18083,A
7119,A
7144,A
7129,A
8800,A
37594,A
6802,A
19516,A
37599,A
19459,A
19218,A
6897,A
19153,A
2961,A
2942,A
38025,A
18928,A
50418,A
50404,A
50837,A
7175,A
17909,A
18023,A
40321,A
2592,A
40485,A
40429,A
40332,A
2599,A
51140,A
10959,A
51453,A
10926,A
3174,A
3162,A
36746,A
36354,A
36761,A
36578,A
19895,A
36949,A
37013,A
19686,A
37332,A
19636,A
8822,A
2601,A
11692,A
11668,A
11624,A
50577,A
50581,A
50522,A
50505,A
17778,A
17810,A
17740,A
17806,A
7210,A
17729,A
17750,A
40691,A
17719,A
40905,A
40997,A
40873,A
2508,A
51439,A
51435,A
51415,A
10871,A
51610,A
8912,A
8876,A
8882,A
35503,A
35417,A
35938,A
3277,A
3272,A
36022,A
20073,A
6689,A
19978,A
40828,A
17443,A
7286,A
50195,A
50343,A
50140,A
939,A
50349,A
2481,A
41136,A
41633,A
41699,A
41604,A
17109,A
41579,A
41583,A
568,A
51690,A
51794,A
3440,A
20794,A
20660,A
6526,A
6528,A
3400,A
20620,A
6529,A
6521,A
6497,A
20553,A
20548,A
6570,A
34939,A
35073,A
20288,A
7352,A
17073,A
17042,A
7362,A
7365,A
49940,A
986,A
11783,A
41877,A
42187,A
41857,A
2357,A
42005,A
16705,A
16800,A
16556,A
21537,A
33197,A
51624,A
10611,A
10592,A
10554,A
33109,A
21476,A
21481,A
3607,A
3595,A
6343,A
21313,A
3567,A
21254,A
3573,A
21184,A
3533,A
21112,A
16511,A
16497,A
49926,A
8633,A
11874,A
50049,A
50004,A
16453,A
2288,A
2290,A
2279,A
6194,A
6195,A
51879,A
51858,A
10465,A
51890,A
10490,A
52052,A
21933,A
21977,A
21890,A
6225,A
32582,A
3691,A
3679,A
32615,A
21824,A
21825,A
32391,A
33017,A
21678,A
21562,A
21550,A
21628,A
42719,A
43074,A
43075,A
2191,A
8591,A
2206,A
16148,A
16123,A
7539,A
43130,A
43533,A
16016,A
43718,A
43667,A
1094,A
49538,A
49522,A
49507,A
49687,A
49790,A
49761,A
49624,A
15933,A
15891,A
15812,A
44044,A
2040,A
15562,A
15581,A
49287,A
52028,A
52012,A
51978,A
9067,A
10208,A
52211,A
3883,A
31251,A
3869,A
31089,A
3866,A
3838,A
22365,A
22305,A
6156,A
6137,A
22006,A
22086,A
32208,A
6193,A
49362,A
12124,A
12132,A
44175,A
2022,A
2024,A
44568,A
44531,A
15187,A
44785,A
44787,A
7788,A
7816,A
14994,A
14975,A
45037,A
14922,A
14923,A
52179,A
52245,A
444,A
52421,A
4033,A
4024,A
30734,A
3983,A
3959,A
30617,A
22609,A
6028,A
52041,A
29569,A
10137,A
23547,A
23476,A
23457,A
29638,A
30043,A
30020,A
4088,A
23289,A
5862,A
5856,A
1159,A
12270,A
12303,A
8511,A
12212,A
44887,A
14803,A
7854,A
45124,A
45116,A
45083,A
1870,A
7911,A
14681,A
45438,A
14494,A
1183,A
8461,A
49114,A
49218,A
1785,A
45628,A
45614,A
44,A
7965,A
7992,A
45828,A
45798,A
45906,A
45867,A
14239,A
46346,A
14103,A
46066,A
46203,A
13966,A
24242,A
5585,A
5569,A
28549,A
52789,A
24149,A
4317,A
24129,A
24186,A
5630,A
28780,A
5664,A
5643,A
4246,A
5699,A
23784,A
23848,A
29233,A
29092,A
29503,A
13932,A
48745,A
48827,A
48973,A
49031,A
1669,A
46462,A
46360,A
46347,A
46348,A
46381,A
13725,A
46686,A
46669,A
1628,A
1643,A
46641,A
13633,A
13678,A
8121,A
9898,A
24697,A
24567,A
28264,A
24399,A
4298,A
24229,A
24304,A
4366,A
24231,A
48027,A
48014,A
48047,A
47912,A
48238,A
53646,A
53650,A
12757,A
53898,A
9544,A
53469,A
53435,A
9484,A
754,A
51142,A
51149,A
51097,A
714,A
2871,A
38174,A
6971,A
38513,A
38501,A
2880,A
2882,A
2873,A
18675,A
18586,A
38822,A
18541,A
38638,A
5193,A
12734,A
48878,A
48802,A
8161,A
47241,A
13263,A
13246,A
18336,A
47442,A
47604,A
1472,A
1468,A
47476,A
5256,A
25193,A
53037,A
52886,A
53211,A
53167,A
53112,A
219,A
27283,A
25077,A
27271,A
25011,A
25065,A
5349,A
5335,A
27423,A
5390,A
27553,A
9348,A
47058,A
47886,A
7678,A
5362,A
46361,A
9345,A
41519,A
50592,A
55,A
26230,A
40192,A
4808,A
26174,A
7192,A
17738,A
17743,A
40615,A
40723,A
40712,A
40717,A
40614,A
53887,A
26159,A
9674,A
9678,A
53264,A
9245,A
9640,A
9690,A
53612,A
9577,A
9392,A
9436,A
53627,A
26322,A
26300,A
53919,A
9330,A
53442,A
53424,A
4946,A
9460,A
9461,A
9491,A
9294,A
26665,A
12891,A
13048,A
8276,A
12862,A
8304,A
8295,A
1361,A
48144,A
8342,A
8331,A
8332,A
8336,A
12815,A
12794,A
12772,A
25844,A
25884,A
25862,A
25850,A
222,A
26831,A
25802,A
5101,A
9797,A
9822,A
9803,A
9836,A
53353,A
9747,A
9725,A
26779,A
53246,A
172,A
26769,A
26763,A
4770,A
4773,A
25718,A
4751,A
5134,A
5139,A
25711,A
5150,A
1306,A
48490,A
47688,A
48330,A
48258,A
48394,A
13157,A
47684,A
48621,A
13111,A
8269,A
8249,A
13129,A
4716,A
4710,A
26908,A
26951,A
26864,A
26850,A
26984,A
27056,A
27025,A
47117,A
13223,A
13229,A
47341,A
1476,A
47410,A
47439,A
1435,A
47718,A
25471,A
25451,A
25539,A
4674,A
4664,A
27239,A
27114,A
4626,A
27177,A
5283,A
4622,A
25135,A
52937,A
53019,A
5312,A
53171,A
52915,A
52941,A
53154,A
53123,A
4607,A
5356,A
25025,A
25010,A
25066,A
27431,A
4561,A
4539,A
27421,A
46886,A
46909,A
13491,A
8180,A
8169,A
8160,A
13516,A
13517,A
13507,A
47300,A
47275,A
13459,A
13454,A
13422,A
13402,A
47173,A
1533,A
47261,A
24970,A
4541,A
4545,A
27555,A
5388,A
4512,A
24732,A
24791,A
27487,A
27503,A
48854,A
48845,A
48869,A
46795,A
46861,A
46853,A
46854,A
46823,A
46824,A
1609,A
1597,A
24717,A
24693,A
5423,A
52764,A
52797,A
9926,A
9894,A
9937,A
302,A
9172,A
9860,A
9941,A
27634,A
52994,A
53081,A
53050,A
5480,A
24628,A
24684,A
4460,A
24607,A
24591,A
5482,A
24543,A
1626,A
13578,A
13652,A
8362,A
12689,A
12746,A
12749,A
48870,A
12642,A
12628,A
27732,A
4446,A
4428,A
28208,A
28177,A
28106,A
28206,A
4416,A
28038,A
24441,A
24416,A
24328,A
24322,A
24365,A
5523,A
4363,A
28377,A
4362,A
24184,A
24260,A
24262,A
46502,A
1200,A
13831,A
13818,A
13789,A
13856,A
46701,A
10081,A
9146,A
10038,A
10111,A
52796,A
9124,A
9140,A
4309,A
52803,A
24142,A
24128,A
24104,A
24178,A
24153,A
24154,A
24099,A
4283,A
4272,A
28790,A
8079,A
13961,A
14020,A
14010,A
48699,A
46483,A
46466,A
48721,A
8431,A
8416,A
8433,A
8439,A
24073,A
24046,A
28718,A
5685,A
5686,A
24023,A
29055,A
29061,A
29051,A
5665,A
4255,A
4244,A
5647,A
4251,A
4238,A
4234,A
23915,A
23713,A
23770,A
23744,A
4199,A
29159,A
29240,A
45847,A
45905,A
46069,A
14210,A
14227,A
14116,A
14052,A
14018,A
14157,A
14149,A
46290,A
29453,A
29575,A
10194,A
4176,A
29460,A
9105,A
52704,A
52674,A
52618,A
52615,A
23623,A
23605,A
23569,A
5807,A
29707,A
29763,A
29766,A
1766,A
49113,A
49120,A
14443,A
14431,A
1770,A
45602,A
45603,A
14350,A
14406,A
14388,A
14456,A
46016,A
14296,A
14289,A
23523,A
5834,A
23453,A
29934,A
29929,A
30018,A
5838,A
5814,A
23294,A
29979,A
23209,A
23212,A
52229,A
52159,A
416,A
52344,A
52406,A
52390,A
1207,A
45755,A
45698,A
45786,A
12338,A
12477,A
12331,A
12341,A
8482,A
12403,A
30162,A
52338,A
52324,A
52307,A
52350,A
23157,A
23144,A
4039,A
4041,A
5889,A
4015,A
30296,A
30362,A
3986,A
3992,A
30270,A
5952,A
5941,A
23017,A
23016,A
5977,A
3972,A
30683,A
30672,A
30725,A
14674,A
1863,A
1849,A
45530,A
7902,A
45388,A
45514,A
45532,A
45354,A
22829,A
22770,A
6020,A
30927,A
31045,A
30783,A
30868,A
30848,A
22699,A
22642,A
22623,A
22742,A
52040,A
6033,A
6034,A
6026,A
52005,A
473,A
52038,A
9068,A
44897,A
44881,A
1898,A
12200,A
14825,A
14778,A
14878,A
45233,A
7856,A
14770,A
45073,A
45135,A
45251,A
31134,A
52297,A
22577,A
31137,A
6080,A
22483,A
22487,A
31376,A
31380,A
31459,A
31512,A
22400,A
31385,A
31359,A
6113,A
6070,A
31641,A
31769,A
31719,A
22310,A
3802,A
31592,A
31595,A
45049,A
45034,A
45035,A
7806,A
49040,A
12281,A
49076,A
49061,A
12232,A
8521,A
8495,A
22178,A
22240,A
3791,A
3793,A
32031,A
32021,A
32007,A
3754,A
3755,A
31887,A
6197,A
22030,A
6204,A
22070,A
44280,A
1974,A
1972,A
44430,A
7790,A
15156,A
15224,A
44339,A
1930,A
15113,A
15124,A
7799,A
15019,A
14992,A
44579,A
44727,A
1939,A
32291,A
32292,A
32207,A
32334,A
32323,A
51948,A
51924,A
8989,A
3730,A
10390,A
10381,A
51831,A
508,A
9014,A
10346,A
9027,A
9020,A
10445,A
44117,A
15329,A
15315,A
15321,A
15417,A
2016,A
44102,A
44093,A
44128,A
44503,A
15232,A
7738,A
21990,A
21970,A
52071,A
52051,A
6224,A
21873,A
6249,A
6253,A
3689,A
3671,A
21757,A
21823,A
32381,A
6275,A
21685,A
6293,A
32997,A
21671,A
21674,A
21667,A
32780,A
21571,A
21547,A
21603,A
21602,A
15515,A
26252,A
15575,A
7675,A
15661,A
15432,A
15506,A
15532,A
49250,A
49264,A
12170,A
33175,A
21513,A
21578,A
51746,A
33139,A
33112,A
51651,A
556,A
10575,A
33080,A
8979,A
10520,A
21329,A
21359,A
21482,A
21464,A
3599,A
33308,A
33280,A
6341,A
21290,A
3587,A
7617,A
15862,A
15931,A
15757,A
15841,A
7632,A
7626,A
43878,A
44007,A
15644,A
15640,A
15723,A
21166,A
21156,A
21242,A
3574,A
21137,A
6411,A
6412,A
3532,A
3514,A
33601,A
33665,A
33667,A
33668,A
21011,A
21107,A
21108,A
33438,A
43721,A
7591,A
49480,A
49725,A
49746,A
49654,A
20910,A
6447,A
6429,A
20974,A
20851,A
20896,A
20857,A
20955,A
20915,A
619,A
51553,A
10679,A
51527,A
6477,A
51732,A
51764,A
10658,A
10650,A
33920,A
33982,A
3495,A
3499,A
34229,A
34222,A
34277,A
43189,A
43269,A
2166,A
43502,A
43515,A
43605,A
43450,A
43434,A
15957,A
3441,A
34091,A
34068,A
34071,A
34025,A
20767,A
34714,A
34561,A
20568,A
6530,A
34479,A
6550,A
20552,A
20541,A
35002,A
34986,A
34968,A
34959,A
6554,A
34944,A
42903,A
2203,A
2197,A
49910,A
16237,A
16291,A
16292,A
42944,A
43351,A
7569,A
7559,A
20469,A
6537,A
20525,A
20436,A
6598,A
3353,A
35256,A
35219,A
20326,A
20330,A
35027,A
35014,A
35074,A
6623,A
51359,A
51443,A
6628,A
20237,A
20206,A
10791,A
10820,A
642,A
51626,A
8899,A
10810,A
10790,A
49647,A
43058,A
12000,A
12087,A
12089,A
12067,A
1031,A
8577,A
11969,A
8580,A
35473,A
35505,A
35907,A
35311,A
3275,A
3269,A
20112,A
20198,A
35641,A
20092,A
20096,A
36068,A
6652,A
20033,A
3218,A
20029,A
20080,A
16299,A
42855,A
42816,A
42702,A
2237,A
42732,A
43095,A
43078,A
2217,A
2219,A
6703,A
51227,A
36565,A
36514,A
10989,A
51444,A
10907,A
8848,A
3185,A
3175,A
51391,A
36689,A
36626,A
36633,A
3156,A
3157,A
36568,A
6753,A
6731,A
19874,A
19858,A
37029,A
36988,A
19810,A
19804,A
19793,A
19797,A
36835,A
36821,A
36802,A
36783,A
6782,A
19706,A
42288,A
42465,A
42447,A
16448,A
7483,A
42323,A
42598,A
42573,A
42575,A
16437,A
2249,A
2250,A
37292,A
19571,A
19649,A
11161,A
37257,A
37340,A
11131,A
11180,A
11168,A
8821,A
8820,A
16500,A
16595,A
7426,A
7424,A
16643,A
49877,A
7497,A
8620,A
8610,A
8653,A
49952,A
49958,A
50028,A
50096,A
704,A
51245,A
11055,A
19492,A
19559,A
19560,A
37519,A
37600,A
37601,A
37602,A
3040,A
19311,A
19290,A
19280,A
6871,A
37869,A
37817,A
19254,A
41942,A
41962,A
7390,A
41894,A
41874,A
42031,A
42013,A
16703,A
16771,A
42046,A
37615,A
38099,A
19101,A
6905,A
6889,A
19203,A
19109,A
2944,A
38042,A
38029,A
37979,A
38106,A
37944,A
37922,A
2973,A
2960,A
2940,A
18982,A
19058,A
19047,A
19043,A
6940,A
51055,A
51124,A
770,A
50884,A
50874,A
720,A
51050,A
51036,A
16900,A
975,A
49971,A
11768,A
11795,A
11797,A
16901,A
50215,A
50203,A
11731,A
11712,A
38279,A
2868,A
728,A
18828,A
18889,A
18764,A
6953,A
18839,A
2875,A
2879,A
38424,A
38518,A
2447,A
2412,A
41751,A
41700,A
17159,A
17098,A
41567,A
18688,A
18645,A
2883,A
6987,A
18561,A
7024,A
7022,A
2850,A
38796,A
7003,A
18545,A
38711,A
7071,A
7043,A
50671,A
814,A
815,A
816,A
8782,A
18370,A
769,A
50919,A
41127,A
41166,A
41157,A
41158,A
880,A
867,A
17345,A
17176,A
17326,A
17307,A
41445,A
25,A
41500,A
7322,A
17183,A
39048,A
18378,A
39072,A
39337,A
39329,A
39444,A
39366,A
39443,A
18217,A
2746,A
39342,A
39334,A
18143,A
18207,A
18212,A
39744,A
39629,A
39622,A
39625,A
18076,A
18131,A
39508,A
7282,A
17414,A
7291,A
914,A
50153,A
41212,A
50360,A
50366,A
50136,A
18046,A
7136,A
18073,A
50487,A
39905,A
40050,A
40043,A
7125,A
11578,A
11485,A
11390,A
11411,A
8764,A
39832,A
39799,A
39808,A
39741,A
26416,A
26482,A
26467,A
53495,A
53566,A
53561,A
26132,A
26403,A
26407,A
26428,A
26436,A
26415,A
26095,A
26162,A
26588,A
5035,A
5026,A
5010,A
48048,A
8314,A
48040,A
47910,A
53666,A
26590,A
26576,A
26578,A
26029,A
26545,A
26000,A
26006,A
25996,A
15,A
2699,A
7171,A
17971,A
17974,A
17964,A
17916,A
17982,A
53801,A
40172,A
17734,A
17709,A
2556,A
40575,A
41008,A
17595,A
7241,A
40885,A
40974,A
17480,A
40526,A
11640,A
2625,A
11610,A
11649,A
24,A
7218,A
17784,A
17820,A
17825,A
7219,A
7201,A
53742,A
43054,A
40968,A
48915,A
48744,A
46715,A
47366,A
46131,A
51881,A
53593,A
44167,A
47059,A
40964,A
45783,A
43851,A
51758,A
44168,A
53218,A
25497,A
47864,A
40666,A
23299,A
53614,A
53594,A
53577,A
9230,A
48241,A
17785,A
26081,A
26130,A
26115,A
26120,A
26107,A
26147,A
4900,A
29,A
26460,A
53569,A
26218,A
26198,A
26182,A
26183,A
26239,A
26240,A
26246,A
53836,A
26220,A
4933,A
26249,A
53827,A
26254,A
26283,A
26276,A
57,A
2,A
10,A
53876,A
9,A
53777,A
26097,A
17762,A
17858,A
17831,A
50470,A
50557,A
50538,A
50503,A
50606,A
11614,A
8724,A
8698,A
11628,A
11622,A
11611,A
11651,A
11650,A
11639,A
11625,A
40372,A
40330,A
40411,A
40397,A
40486,A
40543,A
40546,A
40528,A
40138,A
40173,A
40174,A
17468,A
17457,A
17540,A
17497,A
17491,A
40847,A
40804,A
40772,A
2539,A
2523,A
40944,A
40939,A
40989,A
17624,A
17649,A
17637,A
17691,A
17682,A
17684,A
40563,A
2662,A
2652,A
40170,A
40335,A
40337,A
40314,A
7155,A
17929,A
39818,A
2684,A
2692,A
2679,A
39846,A
39985,A
50706,A
50810,A
50814,A
50816,A
50787,A
8737,A
11371,A
11412,A
11487,A
11440,A
11442,A
11579,A
11542,A
11530,A
11521,A
858,A
50424,A
39941,A
39926,A
7111,A
7112,A
7115,A
18027,A
7142,A
50276,A
50255,A
899,A
883,A
884,A
886,A
50311,A
50303,A
50372,A
50149,A
50152,A
934,A
922,A
50200,A
50201,A
50202,A
41217,A
7285,A
7287,A
17437,A
17424,A
17417,A
7284,A
18100,A
39586,A
39553,A
39521,A
2732,A
2719,A
2722,A
2723,A
2724,A
39609,A
39712,A
39681,A
39696,A
39665,A
39666,A
7085,A
7076,A
18161,A
7102,A
7090,A
18232,A
18225,A
18321,A
18296,A
18275,A
39221,A
39319,A
39487,A
39464,A
38971,A
39029,A
2802,A
2803,A
2777,A
39006,A
38998,A
39047,A
39168,A
39141,A
39132,A
39115,A
18379,A
41548,A
7300,A
17206,A
17260,A
17249,A
7333,A
17285,A
17280,A
17411,A
17401,A
17369,A
17340,A
41101,A
41050,A
41137,A
2480,A
41152,A
50973,A
50975,A
11247,A
11242,A
11209,A
11288,A
11277,A
11279,A
11268,A
11257,A
11335,A
11300,A
803,A
817,A
808,A
50736,A
18396,A
7065,A
18484,A
18469,A
18462,A
18446,A
18435,A
18489,A
38676,A
38635,A
38717,A
38696,A
2825,A
38687,A
38759,A
38816,A
7008,A
18585,A
18591,A
7031,A
7013,A
18604,A
18609,A
18602,A
18657,A
2893,A
7338,A
7339,A
17010,A
16987,A
17029,A
7357,A
17095,A
17068,A
17059,A
17154,A
41589,A
41636,A
41606,A
41584,A
41651,A
41757,A
41750,A
41414,A
41373,A
41358,A
41332,A
41337,A
41312,A
41467,A
41444,A
38455,A
2891,A
38577,A
38594,A
38585,A
38591,A
18786,A
18753,A
18826,A
18816,A
18915,A
18849,A
18851,A
18853,A
38139,A
2934,A
38264,A
38396,A
38376,A
18941,A
50242,A
50245,A
8680,A
11745,A
11752,A
8683,A
11777,A
11823,A
966,A
955,A
49970,A
49962,A
49964,A
49965,A
16903,A
16908,A
16980,A
16967,A
16945,A
16925,A
7336,A
724,A
715,A
50996,A
51034,A
51037,A
51046,A
746,A
50842,A
777,A
18930,A
18933,A
18964,A
6930,A
6921,A
6923,A
6915,A
19001,A
18994,A
19018,A
2946,A
37927,A
37984,A
38064,A
38019,A
38120,A
6893,A
19238,A
19226,A
2997,A
2991,A
37607,A
37611,A
37626,A
37619,A
16615,A
16710,A
16688,A
16753,A
42052,A
42118,A
42119,A
2362,A
2363,A
2327,A
42061,A
42142,A
42200,A
42189,A
41795,A
2367,A
41959,A
41954,A
7384,A
16829,A
16854,A
16844,A
3008,A
37803,A
37788,A
6856,A
6846,A
19304,A
19295,A
19278,A
6873,A
6855,A
19356,A
19348,A
19300,A
19449,A
37445,A
37416,A
37417,A
37399,A
37394,A
3044,A
3034,A
37481,A
37522,A
37518,A
37502,A
37606,A
19476,A
19486,A
6814,A
19505,A
19511,A
19546,A
19542,A
37117,A
37087,A
37070,A
37050,A
3080,A
3069,A
51195,A
702,A
51242,A
51231,A
51225,A
51281,A
11040,A
49953,A
49990,A
50103,A
50063,A
50073,A
11834,A
11852,A
11872,A
11974,A
49830,A
49878,A
1010,A
49856,A
7476,A
7479,A
16534,A
16549,A
16631,A
11020,A
11072,A
8831,A
8812,A
8816,A
11166,A
11124,A
11091,A
11197,A
11182,A
11169,A
37276,A
37265,A
37248,A
37250,A
37241,A
6785,A
19642,A
19628,A
19652,A
6779,A
16444,A
16422,A
16411,A
42485,A
42469,A
42458,A
42498,A
2264,A
42599,A
42547,A
42515,A
42648,A
42625,A
42275,A
2291,A
2287,A
42368,A
42463,A
42421,A
16476,A
19672,A
19673,A
19780,A
19788,A
19755,A
19728,A
36840,A
36950,A
3107,A
36922,A
36871,A
36987,A
19829,A
6744,A
19866,A
19849,A
19924,A
19907,A
19908,A
3149,A
3150,A
3131,A
36580,A
36570,A
36616,A
36624,A
36687,A
36690,A
36745,A
36713,A
36700,A
36328,A
36287,A
36237,A
3181,A
36421,A
36422,A
36384,A
51490,A
10916,A
10905,A
10875,A
8869,A
8849,A
10977,A
10963,A
10967,A
11019,A
11008,A
11001,A
51186,A
51153,A
51215,A
36539,A
36500,A
36492,A
6711,A
6702,A
6688,A
19968,A
6708,A
20035,A
20022,A
43106,A
43068,A
42720,A
42703,A
42777,A
42759,A
42747,A
42737,A
42725,A
42718,A
42877,A
42860,A
42817,A
16325,A
16320,A
16313,A
16360,A
7516,A
16374,A
16378,A
16380,A
16365,A
20014,A
20017,A
20011,A
19996,A
19979,A
20074,A
20038,A
3222,A
3214,A
3216,A
35973,A
35978,A
36074,A
36076,A
36183,A
36114,A
36111,A
6655,A
20094,A
20087,A
20107,A
6656,A
6649,A
20121,A
20126,A
20193,A
20182,A
35632,A
35612,A
35556,A
35687,A
3274,A
35741,A
35933,A
35915,A
35776,A
3313,A
3304,A
35308,A
35358,A
3309,A
35422,A
35412,A
35383,A
35559,A
35506,A
35501,A
49886,A
49875,A
49876,A
49927,A
49920,A
49921,A
49925,A
8581,A
8575,A
11986,A
12005,A
8592,A
12027,A
12006,A
12001,A
12004,A
2198,A
43047,A
43041,A
43042,A
43004,A
6627,A
10785,A
10821,A
10814,A
10792,A
10858,A
10816,A
665,A
652,A
51382,A
660,A
20231,A
6643,A
6636,A
20289,A
20283,A
20335,A
20337,A
20325,A
3332,A
3335,A
35022,A
35138,A
35139,A
35302,A
35289,A
35285,A
35209,A
6595,A
20403,A
20371,A
20345,A
20421,A
20484,A
20463,A
20465,A
20448,A
20504,A
2143,A
43312,A
43319,A
43282,A
43423,A
43374,A
43366,A
43356,A
43350,A
16095,A
16143,A
7563,A
7568,A
16188,A
16279,A
16267,A
42943,A
42952,A
42895,A
2195,A
49915,A
20492,A
34835,A
3392,A
3383,A
34912,A
34922,A
34894,A
35005,A
6567,A
6569,A
6555,A
6546,A
20530,A
20623,A
20599,A
20577,A
3401,A
3403,A
34501,A
34465,A
3429,A
3433,A
3435,A
34566,A
34562,A
34563,A
34754,A
34730,A
20664,A
20647,A
20649,A
6527,A
20683,A
20686,A
20688,A
20674,A
20677,A
20755,A
20712,A
20766,A
20777,A
34124,A
3458,A
3460,A
7607,A
7611,A
7614,A
16026,A
16006,A
16090,A
16085,A
16046,A
16049,A
16052,A
16043,A
43441,A
43445,A
43475,A
43479,A
43480,A
43524,A
43500,A
43541,A
43545,A
43229,A
43203,A
43150,A
3439,A
34164,A
34450,A
34437,A
34381,A
34248,A
3477,A
33784,A
33766,A
33761,A
33848,A
3484,A
33935,A
33929,A
33894,A
34002,A
33989,A
51796,A
51753,A
8917,A
10694,A
10657,A
10732,A
10690,A
51538,A
51516,A
571,A
51584,A
51594,A
51595,A
51577,A
51561,A
20815,A
20803,A
6481,A
20964,A
21004,A
21006,A
20985,A
43673,A
49635,A
49633,A
49619,A
49672,A
49667,A
1042,A
49702,A
49800,A
49801,A
49748,A
49730,A
1071,A
49475,A
49455,A
49496,A
1075,A
49508,A
49626,A
2095,A
2078,A
43676,A
43663,A
43715,A
7599,A
15974,A
21025,A
21101,A
21082,A
33510,A
33562,A
3531,A
33654,A
6402,A
6408,A
6414,A
6399,A
21197,A
21192,A
21238,A
21234,A
43853,A
43839,A
43825,A
43821,A
2052,A
43988,A
43979,A
44061,A
44041,A
44008,A
15805,A
15786,A
15767,A
7635,A
15894,A
15898,A
15875,A
15917,A
43611,A
3577,A
33259,A
33234,A
33270,A
3589,A
3571,A
33318,A
33305,A
33373,A
33332,A
33334,A
21379,A
21375,A
3597,A
3627,A
33157,A
8980,A
10547,A
10537,A
10538,A
9007,A
8994,A
9001,A
10583,A
10559,A
10581,A
51633,A
51634,A
51635,A
51696,A
563,A
543,A
533,A
526,A
33103,A
33210,A
33195,A
33183,A
6333,A
6321,A
6303,A
8546,A
12128,A
8564,A
12140,A
12141,A
12180,A
12171,A
12163,A
49228,A
49348,A
49315,A
49323,A
49417,A
15458,A
15459,A
15421,A
15486,A
15470,A
7685,A
7690,A
15654,A
21581,A
21574,A
21610,A
21596,A
21585,A
21664,A
21648,A
32768,A
32769,A
32679,A
32841,A
3669,A
3649,A
3639,A
32857,A
32999,A
32976,A
6276,A
21760,A
21802,A
21803,A
21807,A
21756,A
21858,A
21822,A
3701,A
3694,A
32581,A
32670,A
32625,A
6227,A
6223,A
21883,A
21876,A
6226,A
21948,A
21915,A
32059,A
52057,A
44441,A
15275,A
15276,A
7742,A
15360,A
44104,A
2023,A
9286,A
9547,A
44138,A
44146,A
44260,A
44252,A
15457,A
49589,A
49570,A
8557,A
8559,A
8542,A
8543,A
9023,A
9010,A
10377,A
500,A
51803,A
51840,A
9515,A
51926,A
32060,A
3731,A
3718,A
32181,A
32345,A
32312,A
15025,A
44562,A
44717,A
1940,A
1941,A
44793,A
15146,A
7804,A
15207,A
15203,A
44298,A
44278,A
44340,A
44341,A
44429,A
22037,A
22062,A
22056,A
22122,A
22102,A
22088,A
22083,A
3771,A
31866,A
31951,A
32022,A
32017,A
22137,A
22161,A
6165,A
22182,A
22176,A
22247,A
12277,A
12265,A
12266,A
12267,A
12244,A
12302,A
12297,A
12286,A
49080,A
49045,A
45018,A
45022,A
44996,A
44956,A
1847,A
45059,A
45060,A
45036,A
14924,A
7837,A
7826,A
22237,A
22220,A
3811,A
3799,A
31606,A
3829,A
31640,A
31748,A
22332,A
22286,A
22350,A
22339,A
22384,A
22381,A
6065,A
22440,A
22414,A
31363,A
31386,A
3842,A
31464,A
31396,A
31559,A
31561,A
22449,A
22452,A
6086,A
6088,A
6074,A
22549,A
22579,A
3873,A
3892,A
3885,A
31168,A
31135,A
31136,A
52293,A
52291,A
52272,A
9070,A
1843,A
45094,A
45084,A
45161,A
45111,A
45256,A
14774,A
14780,A
7878,A
7865,A
14811,A
14793,A
14900,A
14865,A
14855,A
49406,A
12198,A
12187,A
12189,A
9076,A
9044,A
10224,A
10209,A
10318,A
10306,A
463,A
51977,A
52020,A
51997,A
484,A
52037,A
31195,A
22589,A
22608,A
22616,A
22617,A
6039,A
22692,A
22621,A
22738,A
22708,A
30856,A
30857,A
30851,A
30837,A
30890,A
31024,A
31023,A
31003,A
30973,A
6005,A
6012,A
6000,A
6001,A
5995,A
6013,A
6021,A
22802,A
22891,A
22846,A
3968,A
30483,A
30447,A
14516,A
14552,A
14541,A
45322,A
45316,A
45292,A
45427,A
45415,A
1818,A
1819,A
45448,A
45422,A
7892,A
7896,A
7882,A
14614,A
7910,A
7914,A
7899,A
14655,A
14630,A
14746,A
1873,A
30535,A
30537,A
30528,A
30719,A
30700,A
30698,A
5944,A
5931,A
5933,A
22926,A
5978,A
5981,A
22982,A
22986,A
22978,A
30267,A
30269,A
30256,A
30282,A
30283,A
4017,A
30347,A
30307,A
30300,A
30428,A
30364,A
23077,A
5919,A
23140,A
23118,A
23181,A
23165,A
30095,A
30209,A
30192,A
30193,A
52337,A
52306,A
52364,A
8486,A
8456,A
12378,A
12377,A
12354,A
12478,A
12418,A
1189,A
48940,A
9498,A
48944,A
45744,A
45685,A
9574,A
45775,A
14498,A
14477,A
14517,A
7954,A
7934,A
14545,A
14521,A
52345,A
52418,A
52387,A
52457,A
52447,A
52158,A
52151,A
424,A
52166,A
52257,A
52236,A
30167,A
30156,A
30158,A
30249,A
30250,A
30251,A
23205,A
23206,A
23213,A
23240,A
23245,A
23297,A
9560,A
29868,A
29858,A
4096,A
4101,A
4105,A
4089,A
29935,A
30010,A
23320,A
23321,A
23326,A
5843,A
5846,A
5851,A
23451,A
23482,A
23484,A
29639,A
29625,A
29598,A
29579,A
4137,A
46047,A
14320,A
14294,A
14375,A
7986,A
14348,A
14340,A
14407,A
14448,A
14444,A
45604,A
45655,A
1795,A
1767,A
49121,A
49215,A
49174,A
4111,A
29669,A
29831,A
29818,A
29810,A
5800,A
5801,A
5793,A
23564,A
23558,A
23651,A
23587,A
23692,A
23676,A
23657,A
23661,A
29335,A
29336,A
29329,A
337,A
52628,A
52607,A
52713,A
52714,A
9097,A
9081,A
10152,A
10141,A
10127,A
10138,A
10182,A
10168,A
10171,A
10158,A
10162,A
9048,A
10187,A
10180,A
10181,A
29323,A
29354,A
29428,A
29572,A
29516,A
29506,A
29487,A
4212,A
46190,A
46162,A
46231,A
46202,A
46326,A
46316,A
46302,A
14089,A
14168,A
8007,A
14197,A
14201,A
14187,A
14166,A
14233,A
14228,A
45845,A
45835,A
45842,A
45854,A
45977,A
29198,A
29161,A
29266,A
29229,A
5740,A
5732,A
23689,A
5751,A
5753,A
23803,A
23790,A
23875,A
5714,A
5705,A
5698,A
23935,A
23908,A
23892,A
5642,A
23944,A
4230,A
28951,A
4257,A
4245,A
28972,A
28962,A
29073,A
29057,A
29041,A
29014,A
5689,A
5648,A
23980,A
24035,A
24022,A
23983,A
23979,A
24077,A
24067,A
24041,A
28714,A
8430,A
12486,A
12487,A
8438,A
8424,A
12553,A
12568,A
12560,A
12561,A
48743,A
26331,A
48706,A
1229,A
13869,A
13875,A
8075,A
8078,A
14021,A
14001,A
26307,A
4289,A
4284,A
28859,A
28831,A
28907,A
5625,A
5629,A
5621,A
5607,A
24086,A
24091,A
5631,A
24138,A
24106,A
4335,A
4318,A
52771,A
52853,A
52831,A
52832,A
52814,A
9125,A
9990,A
9997,A
10014,A
9145,A
9134,A
10025,A
10112,A
10105,A
10107,A
10098,A
52529,A
52590,A
52596,A
28563,A
28555,A
28557,A
28550,A
28595,A
28582,A
28643,A
28649,A
28634,A
5587,A
1649,A
46647,A
46716,A
13769,A
13751,A
13787,A
8097,A
8081,A
13859,A
13846,A
13847,A
1664,A
46356,A
46340,A
46395,A
1679,A
46469,A
46436,A
46438,A
46430,A
49003,A
48997,A
48992,A
8425,A
5581,A
5567,A
5594,A
5596,A
24246,A
24293,A
24294,A
4343,A
28350,A
28364,A
28365,A
28474,A
28376,A
28535,A
28508,A
28513,A
28485,A
28478,A
24348,A
24299,A
24395,A
24388,A
24428,A
24415,A
24495,A
24497,A
24473,A
27997,A
27931,A
27902,A
28063,A
28072,A
4388,A
28041,A
28017,A
28212,A
28185,A
28221,A
27768,A
4441,A
27824,A
27864,A
27861,A
48872,A
8367,A
12643,A
12645,A
8396,A
8400,A
8378,A
12720,A
12690,A
12735,A
12730,A
8140,A
8141,A
8130,A
8135,A
13613,A
13618,A
13699,A
13680,A
13669,A
1625,A
46581,A
27829,A
5497,A
5519,A
5520,A
5491,A
24558,A
24534,A
24535,A
24608,A
24589,A
5465,A
5451,A
5473,A
24629,A
24700,A
24689,A
27600,A
27626,A
4484,A
53046,A
9173,A
9876,A
9864,A
9177,A
9938,A
9928,A
9895,A
9945,A
52707,A
52742,A
4477,A
27654,A
27704,A
27683,A
5407,A
24719,A
5443,A
5418,A
24772,A
24779,A
1563,A
46994,A
46956,A
46953,A
26396,A
47054,A
47026,A
46717,A
46722,A
26397,A
46789,A
46793,A
46794,A
46782,A
46822,A
46818,A
48792,A
48862,A
48826,A
48884,A
24751,A
24827,A
24808,A
27460,A
4531,A
4533,A
4520,A
4521,A
27532,A
27509,A
27513,A
27568,A
5378,A
24835,A
24820,A
5381,A
24906,A
24887,A
24969,A
24945,A
4542,A
27354,A
47121,A
47175,A
47263,A
47226,A
47201,A
47301,A
47281,A
13504,A
13544,A
13540,A
13522,A
1534,A
1536,A
1541,A
27356,A
27393,A
4567,A
4540,A
27387,A
27445,A
27452,A
27441,A
27425,A
27428,A
5350,A
5338,A
5339,A
25027,A
25055,A
25037,A
4606,A
27265,A
27255,A
27290,A
27286,A
27328,A
25114,A
25082,A
53109,A
53099,A
53145,A
53138,A
53903,A
53194,A
53169,A
52876,A
52940,A
52936,A
252,A
53020,A
52993,A
5303,A
25151,A
5257,A
25173,A
25159,A
25165,A
5292,A
5264,A
25195,A
25248,A
25231,A
25221,A
25272,A
25262,A
27163,A
27131,A
27112,A
4630,A
27179,A
25389,A
25343,A
25311,A
25446,A
25430,A
5228,A
5211,A
25454,A
9296,A
4670,A
47863,A
9420,A
47849,A
9413,A
47353,A
47436,A
1463,A
47478,A
47428,A
47577,A
47529,A
13217,A
13191,A
8239,A
8201,A
13234,A
13289,A
13274,A
13270,A
13350,A
13313,A
13309,A
4653,A
27005,A
26986,A
27016,A
27012,A
27096,A
27081,A
27064,A
27068,A
5194,A
5186,A
5180,A
25561,A
25601,A
25579,A
25658,A
25649,A
25650,A
25620,A
26852,A
26843,A
26923,A
26972,A
13058,A
8243,A
13147,A
13142,A
13177,A
48592,A
48567,A
48573,A
1295,A
48686,A
48667,A
48349,A
48401,A
1344,A
48456,A
48425,A
48538,A
47685,A
47662,A
26955,A
26936,A
26939,A
5167,A
5159,A
5143,A
5146,A
25746,A
25707,A
25765,A
4752,A
4759,A
4730,A
26775,A
4763,A
53243,A
53278,A
170,A
173,A
53319,A
53364,A
9777,A
9708,A
9714,A
9193,A
9820,A
9811,A
9834,A
9827,A
53094,A
25785,A
5119,A
5086,A
25829,A
4810,A
4795,A
8330,A
12855,A
12848,A
12833,A
1381,A
48107,A
48145,A
48134,A
8278,A
12875,A
8296,A
12916,A
12998,A
12963,A
13096,A
13084,A
13055,A
4785,A
26628,A
4812,A
4819,A
4802,A
26651,A
26635,A
26736,A
26682,A
25921,A
25983,A
25973,A
26055,A
26048,A
25999,A
4859,A
26552,A
26583,A
26562,A
4868,A
26593,A
9569,A
9571,A
9572,A
9627,A
9642,A
9626,A
9680,A
26425,A
26442,A
26514,A
26516,A
26511,A
26494,A
4963,A
4969,A
26158,A
26189,A
40551,A
40584,A
2582,A
2573,A
2574,A
2555,A
53618,A
40599,A
40760,A
40727,A
40711,A
7200,A
17731,A
17741,A
53748,A
26577,A
53674,A
48194,A
48160,A
48162,A
48148,A
48155,A
53253,A
48245,A
48248,A
48249,A
48239,A
48208,A
47940,A
47933,A
47987,A
1414,A
1382,A
47952,A
48032,A
48021,A
48026,A
48091,A
48488,A
8322,A
8316,A
12780,A
12762,A
26600,A
26068,A
5036,A
9466,A
2911,A
41920,A
43716,A
2489,A
48475,A
24230,A
47767,A
10597,A
35199,A
2124,A
24907,A
12574,A
40371,A
30815,A
5464,A
49693,A
30179,A
185,A
26613,A
49867,A
41768,A
42388,A
47057,A
48483,A
41773,A
50330,A
9737,A
45767,A
46590,A
42260,A
47147,A
47120,A
41418,A
8676,A
41854,A
50544,A
18307,A
10304,A
25036,A
47484,A
41059,A
2907,A
49569,A
31122,A
9066,A
9248,A
9237,A
9238,A
9224,A
53610,A
53596,A
53567,A
53560,A
53565,A
53527,A
53478,A
53740,A
4958,A
4960,A
4949,A
4941,A
4928,A
4932,A
26243,A
26237,A
26192,A
26184,A
26186,A
4991,A
4987,A
4970,A
4966,A
26166,A
26170,A
26530,A
26504,A
26496,A
26487,A
26479,A
26481,A
26470,A
26455,A
26443,A
26446,A
26423,A
26417,A
26148,A
26134,A
26138,A
26143,A
26125,A
26105,A
26106,A
26113,A
26103,A
26086,A
26089,A
26092,A
26079,A
26082,A
5037,A
5027,A
5031,A
26629,A
26616,A
26602,A
26597,A
26587,A
26591,A
26580,A
26560,A
4866,A
4869,A
4870,A
4837,A
4839,A
26542,A
5017,A
5003,A
26067,A
26041,A
26004,A
25990,A
25975,A
25964,A
5078,A
5080,A
5070,A
5055,A
5052,A
25939,A
25944,A
25928,A
25929,A
25914,A
25908,A
26726,A
26707,A
26708,A
26681,A
26666,A
26669,A
26650,A
26655,A
26656,A
26632,A
26638,A
26641,A
4813,A
4783,A
26626,A
25903,A
25877,A
25849,A
25855,A
25837,A
25825,A
25826,A
25809,A
25814,A
25816,A
5095,A
25808,A
25786,A
25788,A
25790,A
26830,A
26836,A
26820,A
26827,A
26811,A
26812,A
26817,A
26793,A
26780,A
26783,A
26761,A
4749,A
26745,A
26747,A
26754,A
25777,A
25780,A
25769,A
25759,A
25761,A
25754,A
25756,A
25732,A
25733,A
25735,A
25725,A
5156,A
25699,A
25692,A
25676,A
25667,A
25670,A
26962,A
26956,A
26945,A
26915,A
26918,A
26891,A
26892,A
26867,A
4708,A
4711,A
4712,A
4697,A
4694,A
26855,A
26847,A
26853,A
25655,A
25636,A
25625,A
25602,A
25604,A
25607,A
25598,A
25583,A
25582,A
25563,A
25564,A
25567,A
25568,A
25554,A
25556,A
25557,A
5198,A
5184,A
25548,A
27104,A
27094,A
27069,A
27071,A
27058,A
27063,A
27006,A
27010,A
26997,A
26987,A
26993,A
4675,A
4677,A
4662,A
25541,A
25529,A
25524,A
25507,A
25495,A
25499,A
25482,A
25483,A
25456,A
25440,A
25431,A
5222,A
5217,A
25408,A
25335,A
25327,A
25331,A
25318,A
25310,A
27236,A
27229,A
27207,A
27213,A
27187,A
27189,A
27190,A
27192,A
27180,A
27170,A
27172,A
4645,A
4632,A
4620,A
4624,A
27159,A
27156,A
25312,A
25308,A
25288,A
25289,A
25284,A
25287,A
25250,A
25239,A
25224,A
25228,A
25216,A
25210,A
25212,A
25192,A
5284,A
5289,A
5272,A
5279,A
5253,A
25179,A
25183,A
25170,A
25167,A
25168,A
25152,A
25158,A
25142,A
25136,A
25131,A
25121,A
5331,A
5306,A
5311,A
5297,A
5300,A
25093,A
25100,A
27358,A
27349,A
27339,A
27317,A
27320,A
27323,A
27306,A
27291,A
27294,A
27295,A
27297,A
27298,A
27267,A
27256,A
27246,A
27247,A
4608,A
4609,A
4611,A
4612,A
4613,A
4585,A
4582,A
25060,A
25063,A
25058,A
25012,A
25000,A
25009,A
24990,A
24993,A
24998,A
5368,A
5347,A
5348,A
24981,A
24983,A
27447,A
27429,A
27419,A
27408,A
27411,A
27403,A
27406,A
27391,A
4548,A
4555,A
27366,A
27368,A
27353,A
24971,A
24966,A
24944,A
24935,A
24939,A
24925,A
24916,A
24923,A
24913,A
24898,A
24888,A
24894,A
5396,A
5387,A
5374,A
24867,A
24875,A
24841,A
24830,A
27575,A
27578,A
27584,A
27566,A
27556,A
27547,A
27518,A
27519,A
27510,A
27514,A
4516,A
27495,A
27479,A
27470,A
27471,A
27473,A
27474,A
27454,A
24823,A
24811,A
24817,A
24807,A
24787,A
24737,A
24743,A
24744,A
24747,A
24734,A
5435,A
5437,A
5438,A
5427,A
5406,A
24725,A
24727,A
24711,A
27719,A
27720,A
27690,A
27682,A
27671,A
27659,A
27660,A
27664,A
27665,A
27648,A
27651,A
27639,A
27642,A
27628,A
27611,A
27617,A
27599,A
27604,A
27605,A
27587,A
24695,A
24685,A
24667,A
24671,A
24672,A
24661,A
24662,A
24646,A
24653,A
24621,A
5477,A
5478,A
5479,A
5461,A
5448,A
24602,A
24582,A
24584,A
24576,A
24578,A
24559,A
24560,A
24545,A
24518,A
24514,A
24517,A
5507,A
5494,A
5496,A
5499,A
5485,A
24505,A
27904,A
27873,A
27843,A
27828,A
27825,A
27826,A
27804,A
27794,A
27796,A
27801,A
27786,A
27792,A
27769,A
27774,A
4445,A
27767,A
27750,A
27737,A
27743,A
27731,A
28270,A
28248,A
28214,A
28218,A
28196,A
28182,A
28174,A
28075,A
4386,A
28006,A
27992,A
27973,A
27933,A
27922,A
24506,A
24486,A
24488,A
24451,A
24452,A
24433,A
24417,A
24369,A
5531,A
5540,A
24346,A
24355,A
24342,A
24332,A
24308,A
4303,A
4306,A
28407,A
28400,A
28386,A
28387,A
28379,A
28381,A
4374,A
4361,A
4351,A
28325,A
28305,A
28288,A
28280,A
24301,A
24303,A
24286,A
24268,A
24275,A
24237,A
24239,A
24219,A
24222,A
5600,A
5601,A
5571,A
24200,A
28656,A
28628,A
28618,A
28610,A
28616,A
28604,A
28607,A
28596,A
28592,A
28581,A
28575,A
28548,A
28539,A
28544,A
4332,A
4333,A
4334,A
4320,A
24166,A
24171,A
24158,A
24116,A
24108,A
24098,A
5635,A
5637,A
5622,A
24089,A
4235,A
28933,A
28916,A
28905,A
28902,A
28903,A
28894,A
28854,A
28855,A
28847,A
28825,A
28807,A
4264,A
28739,A
28740,A
28715,A
28716,A
28713,A
28705,A
28689,A
28653,A
24079,A
24070,A
24074,A
24040,A
23987,A
23991,A
23968,A
23956,A
23949,A
5679,A
5687,A
5669,A
5653,A
29069,A
29011,A
28978,A
28970,A
28971,A
28975,A
28963,A
28968,A
28956,A
28960,A
4247,A
4241,A
4231,A
5639,A
5644,A
5646,A
23943,A
23934,A
23912,A
23918,A
23903,A
23887,A
23876,A
23862,A
23873,A
23855,A
23858,A
23828,A
23831,A
23834,A
23838,A
23807,A
23802,A
23792,A
23753,A
23757,A
23743,A
23749,A
23732,A
23735,A
23736,A
5766,A
5770,A
5750,A
5757,A
5734,A
5736,A
23695,A
23696,A
29312,A
29261,A
29264,A
29255,A
29160,A
29116,A
29117,A
29122,A
29108,A
29109,A
29111,A
29114,A
29102,A
29093,A
29098,A
4217,A
4209,A
4202,A
4208,A
29079,A
29080,A
29544,A
29479,A
29485,A
29445,A
29438,A
29432,A
29419,A
4173,A
4154,A
29378,A
29382,A
29358,A
29341,A
29342,A
29333,A
23674,A
23662,A
23664,A
23665,A
23638,A
23622,A
23596,A
23589,A
23570,A
5812,A
5803,A
5781,A
23536,A
29815,A
29816,A
29821,A
29807,A
29793,A
29789,A
29778,A
29779,A
29781,A
29768,A
29762,A
29748,A
4131,A
4106,A
29595,A
29582,A
23465,A
23468,A
23461,A
23444,A
23417,A
23405,A
23396,A
23397,A
5832,A
5839,A
5840,A
5825,A
5830,A
23315,A
30071,A
30057,A
30049,A
30051,A
29964,A
29946,A
29909,A
29882,A
29888,A
4094,A
29870,A
29851,A
29833,A
29837,A
29838,A
29824,A
23286,A
23257,A
23258,A
23263,A
23266,A
23254,A
23255,A
23242,A
5881,A
5888,A
5870,A
5859,A
23195,A
23180,A
30261,A
30225,A
30229,A
30221,A
30222,A
30147,A
30137,A
30140,A
30142,A
30143,A
30134,A
4043,A
4040,A
30116,A
30102,A
30091,A
30076,A
23184,A
23162,A
23143,A
23145,A
23148,A
23149,A
23134,A
23125,A
23106,A
5921,A
5922,A
5892,A
23058,A
23062,A
23066,A
23055,A
23047,A
30461,A
30413,A
30397,A
30361,A
30365,A
30335,A
30324,A
30301,A
30273,A
30278,A
4018,A
3985,A
30258,A
23020,A
23014,A
23002,A
23004,A
22996,A
22981,A
22988,A
22972,A
22966,A
22971,A
22957,A
22959,A
5976,A
5945,A
22943,A
22938,A
22922,A
30736,A
30740,A
30707,A
30618,A
30624,A
30616,A
30529,A
30530,A
3979,A
3962,A
30478,A
30482,A
30485,A
30458,A
22910,A
22915,A
22917,A
22901,A
22893,A
22876,A
22849,A
22809,A
22810,A
22806,A
22790,A
22792,A
22797,A
22798,A
6016,A
22787,A
22757,A
31018,A
30969,A
30971,A
30949,A
30914,A
30917,A
30888,A
30889,A
30880,A
3940,A
3943,A
3932,A
3913,A
3914,A
30816,A
30762,A
22740,A
22727,A
22728,A
22713,A
22679,A
22655,A
22644,A
22615,A
22602,A
6045,A
6024,A
22590,A
31275,A
31264,A
31246,A
31214,A
31181,A
31183,A
31166,A
31172,A
3881,A
3884,A
3887,A
3879,A
31110,A
31074,A
22587,A
22574,A
22575,A
22578,A
22559,A
22546,A
22533,A
22536,A
22526,A
22514,A
22504,A
22478,A
22482,A
22472,A
22476,A
22462,A
22469,A
22454,A
6081,A
31589,A
31562,A
31513,A
31519,A
31502,A
31480,A
31485,A
31467,A
31460,A
31440,A
31392,A
31384,A
31337,A
31338,A
31339,A
31310,A
22411,A
22392,A
22393,A
22394,A
22383,A
22390,A
22374,A
22363,A
22354,A
22343,A
6125,A
6102,A
22335,A
22340,A
22314,A
22306,A
22292,A
31761,A
31752,A
31754,A
31757,A
31711,A
31709,A
31686,A
31649,A
31650,A
31653,A
31618,A
31601,A
31602,A
31593,A
3831,A
3823,A
3810,A
3800,A
22274,A
22242,A
22213,A
22192,A
22196,A
22183,A
22188,A
22177,A
22172,A
22159,A
22160,A
6164,A
6148,A
6143,A
6135,A
22145,A
22148,A
22149,A
22134,A
32030,A
31998,A
31969,A
31928,A
31917,A
31924,A
31912,A
31895,A
31896,A
31888,A
31874,A
31865,A
3764,A
3756,A
31846,A
31826,A
31815,A
31805,A
22138,A
22132,A
22118,A
22097,A
22077,A
22068,A
22069,A
22052,A
22041,A
22012,A
22014,A
6212,A
6201,A
6206,A
6168,A
6187,A
32322,A
32327,A
32321,A
32303,A
32302,A
32273,A
32262,A
32252,A
32196,A
32202,A
3742,A
3732,A
32178,A
32068,A
32071,A
32073,A
32058,A
32056,A
21980,A
21971,A
21973,A
21960,A
21952,A
21939,A
21942,A
21927,A
21935,A
21917,A
21910,A
21892,A
6215,A
21878,A
32682,A
32668,A
32660,A
32655,A
32643,A
32607,A
32589,A
32528,A
32529,A
32532,A
3697,A
32498,A
32487,A
32436,A
32424,A
32389,A
21866,A
21850,A
21828,A
21791,A
21765,A
21769,A
21762,A
21754,A
21743,A
6296,A
6297,A
6290,A
21725,A
21727,A
21722,A
21669,A
33015,A
32996,A
32985,A
32965,A
32930,A
32933,A
32921,A
32890,A
32883,A
32853,A
32834,A
32819,A
3650,A
3651,A
3657,A
3643,A
32782,A
32753,A
32757,A
21658,A
21643,A
21626,A
21608,A
21583,A
21553,A
21554,A
6305,A
33193,A
33172,A
33164,A
33154,A
33155,A
33137,A
33110,A
3618,A
3628,A
3600,A
3604,A
33079,A
33011,A
21488,A
21453,A
21438,A
21399,A
21386,A
21376,A
21353,A
21333,A
21337,A
21319,A
21325,A
21330,A
21314,A
21317,A
6368,A
6374,A
21294,A
21296,A
33416,A
33410,A
33372,A
33341,A
33317,A
33302,A
33296,A
33290,A
33284,A
33271,A
3581,A
3591,A
3572,A
33263,A
33264,A
21223,A
21225,A
21210,A
21196,A
21202,A
21186,A
21174,A
21147,A
21151,A
6397,A
6375,A
6378,A
21144,A
21133,A
21126,A
33721,A
33653,A
33656,A
33660,A
33631,A
33632,A
33616,A
33604,A
33599,A
33592,A
33595,A
3538,A
3528,A
33530,A
33517,A
33461,A
33506,A
33509,A
33433,A
33411,A
21113,A
21093,A
21084,A
21086,A
21031,A
21038,A
21024,A
21028,A
21014,A
21018,A
21002,A
20993,A
20984,A
20991,A
6439,A
6425,A
20980,A
20967,A
20950,A
20952,A
20928,A
20898,A
20903,A
20869,A
20856,A
20862,A
20844,A
20823,A
20824,A
20826,A
6491,A
6493,A
6483,A
6468,A
6469,A
6454,A
6458,A
6461,A
34009,A
33984,A
33963,A
33954,A
33934,A
33927,A
33914,A
33916,A
33858,A
33834,A
3504,A
3491,A
3492,A
3479,A
33767,A
33736,A
34472,A
34263,A
34266,A
34243,A
34237,A
34223,A
34174,A
34152,A
34129,A
34115,A
3446,A
3443,A
34032,A
20789,A
20783,A
20788,A
20776,A
20758,A
20742,A
20732,A
20709,A
20699,A
20681,A
20667,A
20672,A
20663,A
34781,A
34786,A
34757,A
34759,A
34755,A
34679,A
34659,A
34653,A
34557,A
34524,A
34525,A
3428,A
3419,A
34522,A
34511,A
34485,A
6522,A
6505,A
20628,A
20592,A
20569,A
20578,A
20562,A
20557,A
20546,A
6559,A
35001,A
34970,A
34948,A
34935,A
34928,A
34882,A
34884,A
34866,A
34869,A
3382,A
3368,A
34863,A
34845,A
34837,A
34832,A
34797,A
34795,A
6553,A
20527,A
20520,A
20505,A
20477,A
20471,A
20460,A
20443,A
20444,A
20427,A
6590,A
6579,A
20399,A
20369,A
20372,A
35268,A
35248,A
35159,A
35141,A
35133,A
35134,A
35060,A
3350,A
3351,A
3339,A
3340,A
3342,A
3330,A
35017,A
20351,A
20339,A
20342,A
20331,A
20300,A
20286,A
20282,A
20284,A
20272,A
20273,A
6641,A
20222,A
20212,A
35511,A
35486,A
35419,A
35423,A
35387,A
35388,A
35366,A
35360,A
35361,A
3321,A
3324,A
3312,A
3316,A
35310,A
35297,A
35772,A
35767,A
35743,A
35744,A
35725,A
35709,A
35702,A
35683,A
3282,A
3270,A
35678,A
35663,A
35622,A
35625,A
20195,A
20190,A
20170,A
20172,A
20165,A
20150,A
20140,A
20134,A
20136,A
20100,A
20108,A
6678,A
6668,A
6673,A
6653,A
20072,A
36214,A
36155,A
36142,A
36146,A
36136,A
36081,A
36086,A
36088,A
36039,A
36040,A
36034,A
3238,A
3233,A
3234,A
3219,A
3211,A
35962,A
20075,A
20079,A
20051,A
19972,A
19974,A
19975,A
19965,A
19947,A
6704,A
6705,A
6692,A
36555,A
36495,A
36389,A
36383,A
36385,A
3198,A
3190,A
36333,A
36317,A
36252,A
36238,A
36786,A
36766,A
36739,A
36704,A
36693,A
36691,A
36647,A
36654,A
36623,A
36612,A
3128,A
19944,A
19932,A
19922,A
19887,A
19891,A
19893,A
19867,A
19851,A
19843,A
19828,A
6748,A
6732,A
19800,A
19801,A
19791,A
37038,A
37012,A
37001,A
36974,A
36977,A
36978,A
36979,A
36985,A
36962,A
36964,A
36890,A
36877,A
36869,A
36808,A
36794,A
19763,A
19747,A
19730,A
19721,A
19722,A
19707,A
19708,A
19699,A
19661,A
19644,A
6789,A
6795,A
19594,A
19595,A
37330,A
37323,A
37314,A
37293,A
37251,A
37232,A
3074,A
3059,A
37185,A
37189,A
37160,A
37131,A
37083,A
37085,A
19553,A
19558,A
19551,A
19527,A
19532,A
19512,A
19509,A
19493,A
19502,A
19487,A
19491,A
6818,A
6805,A
6807,A
6808,A
6809,A
19482,A
37616,A
37595,A
37597,A
37580,A
37521,A
3042,A
37484,A
37455,A
37434,A
37412,A
37358,A
19467,A
19469,A
19420,A
19422,A
19417,A
19384,A
19386,A
19324,A
19310,A
6841,A
19261,A
19265,A
19266,A
37883,A
37876,A
37877,A
37777,A
37767,A
37738,A
37712,A
37717,A
37690,A
37647,A
37634,A
37627,A
37631,A
37618,A
37623,A
3009,A
2987,A
2992,A
19236,A
19239,A
19222,A
19223,A
19217,A
19177,A
19174,A
19148,A
19110,A
6885,A
6888,A
6890,A
6883,A
19073,A
19078,A
19081,A
19065,A
19071,A
38113,A
38104,A
38110,A
38074,A
38077,A
38081,A
38020,A
2958,A
37946,A
37947,A
37930,A
37914,A
19056,A
19054,A
19031,A
19000,A
19005,A
18983,A
18987,A
18989,A
18981,A
6946,A
6917,A
18934,A
18927,A
18920,A
38406,A
38401,A
38403,A
38382,A
38366,A
38367,A
38342,A
38278,A
38263,A
38252,A
38253,A
38255,A
2924,A
2918,A
38219,A
38198,A
38177,A
38150,A
18908,A
18878,A
18868,A
18843,A
18815,A
18818,A
18820,A
6979,A
6970,A
6961,A
18802,A
18799,A
18800,A
18789,A
18771,A
18760,A
18761,A
38612,A
38613,A
38596,A
38575,A
38533,A
38538,A
38459,A
38460,A
38437,A
38421,A
38423,A
38415,A
2872,A
18752,A
18730,A
18700,A
18665,A
18647,A
18638,A
18642,A
18630,A
18599,A
18583,A
7004,A
7007,A
6993,A
38913,A
38855,A
38824,A
38805,A
38789,A
38780,A
38766,A
38752,A
38758,A
38724,A
38709,A
38674,A
38659,A
38640,A
38633,A
38611,A
18566,A
18542,A
18544,A
18536,A
18501,A
18445,A
18440,A
18420,A
18390,A
7053,A
18377,A
18351,A
18357,A
18349,A
18319,A
39194,A
39167,A
39162,A
39104,A
39109,A
39088,A
39074,A
39071,A
39043,A
2785,A
39016,A
39000,A
39002,A
38992,A
38958,A
38943,A
38926,A
38927,A
39476,A
39465,A
39468,A
39447,A
39439,A
39373,A
39368,A
39371,A
39351,A
39340,A
39320,A
39321,A
2760,A
2753,A
39254,A
39234,A
39215,A
18310,A
18297,A
18261,A
18263,A
18230,A
18234,A
18227,A
18218,A
18209,A
7109,A
18176,A
18154,A
39734,A
39655,A
39647,A
39650,A
39639,A
39611,A
39608,A
39584,A
39590,A
39573,A
18153,A
18115,A
18091,A
18095,A
18075,A
18078,A
18050,A
18056,A
18043,A
18049,A
7140,A
7132,A
7124,A
18030,A
40099,A
40089,A
40090,A
40068,A
40062,A
40053,A
40033,A
39873,A
2700,A
2675,A
39828,A
39823,A
39810,A
18019,A
18000,A
18003,A
18004,A
18006,A
17963,A
17955,A
17911,A
17896,A
17900,A
17886,A
7184,A
7185,A
7177,A
7160,A
7146,A
7154,A
17876,A
17856,A
40302,A
40260,A
40226,A
40217,A
40200,A
40201,A
40157,A
2659,A
2640,A
2641,A
2647,A
2630,A
2633,A
40135,A
40105,A
40542,A
40534,A
40539,A
40520,A
40472,A
40476,A
40478,A
2616,A
40383,A
85,A
40352,A
40329,A
17853,A
17819,A
17798,A
17764,A
17756,A
17760,A
7203,A
40713,A
40674,A
40676,A
40670,A
40636,A
2584,A
2585,A
2567,A
2561,A
2553,A
40574,A
40560,A
17696,A
17669,A
17679,A
17680,A
17642,A
17628,A
17631,A
17632,A
17623,A
7250,A
7259,A
7261,A
7229,A
17616,A
17594,A
17579,A
17589,A
17569,A
17574,A
17564,A
41020,A
41021,A
41007,A
40995,A
40955,A
40900,A
40906,A
2537,A
2511,A
40856,A
40846,A
40774,A
17565,A
17553,A
17523,A
17498,A
17485,A
17484,A
17470,A
17455,A
17441,A
17435,A
17416,A
7288,A
7290,A
7267,A
17402,A
41285,A
41249,A
41242,A
41244,A
41189,A
41194,A
41183,A
41134,A
41142,A
79,A
2483,A
2478,A
2470,A
41096,A
41061,A
53652,A
41030,A
17412,A
17367,A
17342,A
17313,A
17314,A
17254,A
17241,A
17232,A
7326,A
7330,A
7303,A
17195,A
41542,A
41547,A
41507,A
41496,A
41487,A
41479,A
41468,A
41460,A
41430,A
41431,A
41435,A
193,A
2457,A
2460,A
2436,A
41366,A
41299,A
26259,A
41728,A
41705,A
41666,A
41640,A
41607,A
2426,A
2419,A
41578,A
41582,A
41559,A
41565,A
17167,A
17155,A
17104,A
17091,A
17072,A
17076,A
17063,A
17041,A
7349,A
7334,A
16996,A
16951,A
16943,A
16933,A
16935,A
16898,A
16899,A
16877,A
16883,A
16868,A
16870,A
16858,A
16852,A
16855,A
16842,A
7391,A
7369,A
16835,A
16804,A
16805,A
42006,A
41970,A
41969,A
41955,A
41957,A
41958,A
41943,A
41935,A
53423,A
41924,A
41913,A
2387,A
41852,A
53479,A
41856,A
41840,A
41798,A
41799,A
41791,A
9412,A
42194,A
42184,A
42180,A
42166,A
42155,A
42131,A
42134,A
2348,A
42047,A
42024,A
42004,A
16799,A
16784,A
16789,A
16749,A
16706,A
16692,A
16693,A
16680,A
16640,A
16648,A
16626,A
16611,A
7431,A
7415,A
7421,A
7410,A
16609,A
16600,A
16580,A
16558,A
16538,A
16547,A
16533,A
16535,A
16516,A
16517,A
16464,A
16468,A
16469,A
7482,A
7469,A
7452,A
7453,A
16451,A
16443,A
42434,A
42396,A
53938,A
42390,A
42373,A
42350,A
42299,A
42301,A
42289,A
42291,A
2285,A
42276,A
42277,A
42274,A
53788,A
42249,A
42252,A
42229,A
42623,A
42618,A
42606,A
42607,A
42540,A
42501,A
2268,A
2259,A
2260,A
2246,A
2248,A
16433,A
16400,A
16394,A
16377,A
16368,A
16369,A
16371,A
7528,A
7521,A
7510,A
7503,A
7506,A
16308,A
16303,A
16288,A
16289,A
42818,A
42757,A
42721,A
2238,A
42692,A
42675,A
42659,A
43073,A
43048,A
42967,A
2205,A
42901,A
42908,A
16294,A
16283,A
16272,A
16263,A
16235,A
16239,A
16228,A
16191,A
16168,A
16159,A
16144,A
16132,A
7558,A
7550,A
16100,A
43414,A
43306,A
43308,A
43285,A
43263,A
43264,A
2165,A
2171,A
43241,A
43175,A
43125,A
43606,A
43588,A
43583,A
43546,A
43529,A
43509,A
43497,A
43481,A
53792,A
2120,A
2102,A
2103,A
43457,A
43459,A
16045,A
16037,A
16022,A
16027,A
16010,A
16012,A
16001,A
15989,A
15992,A
15977,A
15983,A
7589,A
7586,A
15959,A
43747,A
53778,A
43699,A
43686,A
43690,A
43665,A
43672,A
2096,A
2074,A
2079,A
2063,A
2064,A
2069,A
43656,A
43657,A
43643,A
43613,A
43615,A
15947,A
15930,A
15923,A
15920,A
15895,A
15889,A
15892,A
15839,A
15836,A
15792,A
15794,A
44040,A
44005,A
44011,A
43984,A
43980,A
43920,A
43921,A
43879,A
2056,A
2059,A
2045,A
2046,A
2029,A
2031,A
43835,A
15743,A
15747,A
15753,A
15730,A
15683,A
15664,A
15668,A
15657,A
15660,A
15615,A
15618,A
15620,A
15608,A
15610,A
15597,A
7680,A
7667,A
7661,A
15583,A
15561,A
15550,A
15552,A
15544,A
15536,A
15525,A
15511,A
15492,A
15493,A
15475,A
15477,A
7722,A
7693,A
7701,A
15460,A
15452,A
15453,A
15441,A
15444,A
15420,A
44269,A
44232,A
44195,A
44187,A
44190,A
44179,A
44155,A
44135,A
44121,A
44123,A
44118,A
44107,A
44101,A
44087,A
44076,A
44081,A
15425,A
15412,A
15393,A
15380,A
15367,A
15369,A
15373,A
15356,A
15363,A
15289,A
15279,A
15283,A
7768,A
7746,A
7739,A
15261,A
15265,A
15258,A
15245,A
44543,A
44478,A
44474,A
44438,A
44443,A
44426,A
44392,A
44396,A
44381,A
1976,A
1959,A
44334,A
44335,A
44330,A
44300,A
44289,A
44294,A
15233,A
15214,A
15217,A
15204,A
15189,A
15194,A
15195,A
15170,A
15168,A
15154,A
15139,A
7794,A
7796,A
7771,A
7773,A
15106,A
15107,A
44882,A
44867,A
44856,A
44835,A
44822,A
44818,A
44807,A
44799,A
44801,A
44782,A
44788,A
44728,A
44734,A
1946,A
1954,A
1921,A
44712,A
44690,A
44657,A
44644,A
44614,A
15096,A
15095,A
15084,A
15085,A
15068,A
15056,A
15024,A
15026,A
15010,A
15018,A
14998,A
14978,A
14956,A
7824,A
7825,A
7822,A
14953,A
14942,A
14917,A
14908,A
45029,A
45007,A
44990,A
44994,A
44930,A
44932,A
1908,A
1909,A
1903,A
44901,A
44903,A
44878,A
44880,A
14895,A
14860,A
14842,A
14814,A
14779,A
7871,A
7879,A
7864,A
7866,A
7851,A
14766,A
14773,A
14759,A
14748,A
45269,A
45203,A
45188,A
45189,A
45171,A
45159,A
45125,A
45095,A
45096,A
45080,A
45066,A
1865,A
1856,A
14756,A
14725,A
14719,A
14707,A
14708,A
14673,A
14639,A
14634,A
14622,A
14612,A
14596,A
7900,A
7904,A
7894,A
7895,A
45568,A
45570,A
45554,A
45557,A
45546,A
45545,A
45491,A
45474,A
45470,A
45444,A
1837,A
1808,A
1809,A
45359,A
45353,A
45275,A
14579,A
14572,A
14574,A
14549,A
14540,A
14542,A
14543,A
14538,A
14526,A
14530,A
14531,A
7937,A
7940,A
7932,A
7917,A
7920,A
14487,A
14491,A
14466,A
45787,A
45759,A
45760,A
45764,A
53780,A
45754,A
45748,A
45737,A
45728,A
45676,A
1791,A
1777,A
45581,A
14449,A
14417,A
14420,A
14421,A
14425,A
14404,A
14395,A
14374,A
7964,A
14306,A
14301,A
14279,A
46000,A
46006,A
45974,A
45975,A
45980,A
45967,A
45954,A
45951,A
45911,A
45884,A
1763,A
1734,A
1732,A
45872,A
45855,A
45796,A
14269,A
14262,A
14266,A
14223,A
14217,A
14204,A
14176,A
14147,A
8025,A
8012,A
8005,A
14114,A
14122,A
14074,A
46325,A
46319,A
46310,A
46297,A
46285,A
46225,A
46230,A
46217,A
46201,A
1714,A
1693,A
46175,A
46169,A
46151,A
46152,A
46153,A
46148,A
46125,A
46086,A
46082,A
14019,A
14014,A
13996,A
13979,A
13984,A
13973,A
13949,A
13943,A
13930,A
8065,A
8066,A
8045,A
13905,A
13900,A
13904,A
13893,A
13870,A
46582,A
46547,A
46543,A
46528,A
46437,A
46413,A
46397,A
46369,A
1668,A
1671,A
1659,A
13868,A
13858,A
13844,A
13837,A
13841,A
13814,A
13799,A
13796,A
13783,A
8111,A
8101,A
8103,A
8090,A
8092,A
8082,A
8085,A
46680,A
46675,A
46646,A
46643,A
46635,A
46622,A
46625,A
46627,A
46614,A
46611,A
1636,A
1638,A
1640,A
1621,A
53295,A
46591,A
46603,A
13695,A
13694,A
13683,A
13664,A
13655,A
13635,A
13637,A
13624,A
13619,A
13600,A
13579,A
13588,A
8143,A
8132,A
8119,A
13574,A
13575,A
46837,A
46820,A
46813,A
46787,A
46788,A
1610,A
1572,A
46778,A
46779,A
46767,A
46769,A
46739,A
46743,A
46732,A
47098,A
53299,A
47021,A
46982,A
46961,A
46955,A
46933,A
46938,A
46929,A
46905,A
46910,A
46915,A
1542,A
1548,A
1537,A
46901,A
46880,A
13528,A
13534,A
13535,A
13526,A
13512,A
13506,A
13508,A
13510,A
8194,A
13470,A
13467,A
13437,A
13424,A
47343,A
47304,A
47292,A
47260,A
47243,A
47198,A
47203,A
1528,A
1531,A
1496,A
47142,A
53289,A
53284,A
13387,A
13323,A
13327,A
13317,A
13292,A
13286,A
13288,A
13244,A
8214,A
8200,A
13222,A
13225,A
13228,A
13204,A
13196,A
47584,A
47555,A
47519,A
47483,A
53285,A
47446,A
1479,A
47399,A
47404,A
47394,A
47832,A
47817,A
47777,A
47779,A
53286,A
1438,A
1428,A
1434,A
47702,A
47659,A
47660,A
47661,A
47637,A
13170,A
13174,A
13162,A
13169,A
13160,A
13161,A
13137,A
13131,A
13135,A
13126,A
13127,A
8274,A
8245,A
13034,A
13016,A
13018,A
13000,A
12965,A
12972,A
12937,A
12918,A
12909,A
12914,A
12893,A
12894,A
8306,A
8309,A
8310,A
8300,A
8301,A
8291,A
8277,A
12867,A
48088,A
48080,A
48068,A
48059,A
48054,A
48030,A
48017,A
47979,A
1411,A
1412,A
47948,A
47957,A
47927,A
47908,A
47884,A
48209,A
48175,A
48141,A
48147,A
1360,A
48103,A
48105,A
48093,A
12841,A
12831,A
12832,A
12807,A
12799,A
12791,A
12787,A
12775,A
8338,A
8327,A
8312,A
8320,A
12759,A
48556,A
48510,A
53685,A
153,A
48457,A
48424,A
48395,A
48387,A
1337,A
48331,A
48332,A
48259,A
48261,A
48694,A
48655,A
48656,A
48658,A
48649,A
48642,A
48632,A
48623,A
48602,A
1299,A
1288,A
1279,A
1268,A
1269,A
48554,A
12725,A
12728,A
12707,A
12692,A
12693,A
12686,A
12672,A
12675,A
12663,A
12666,A
12646,A
12594,A
12585,A
48921,A
48890,A
48888,A
48831,A
48837,A
48839,A
48783,A
48740,A
48720,A
12576,A
12582,A
12569,A
12572,A
53261,A
12546,A
12533,A
12536,A
12540,A
12519,A
12503,A
12488,A
12489,A
12497,A
8419,A
8407,A
49004,A
49001,A
48993,A
48977,A
48980,A
48970,A
48963,A
48965,A
48954,A
48956,A
48942,A
48948,A
48951,A
1216,A
1209,A
1201,A
1202,A
48932,A
48924,A
12458,A
12445,A
12447,A
12405,A
12402,A
12356,A
12348,A
12343,A
8452,A
8459,A
8449,A
8450,A
12332,A
12333,A
12323,A
12324,A
12328,A
49195,A
49164,A
49153,A
49158,A
49149,A
49106,A
49109,A
49110,A
1177,A
1170,A
1156,A
1157,A
49071,A
49051,A
12290,A
12271,A
12269,A
12249,A
12235,A
8526,A
8508,A
12205,A
12206,A
12199,A
49436,A
49435,A
49413,A
49402,A
49407,A
49364,A
49345,A
49340,A
49331,A
49281,A
49255,A
49267,A
1136,A
1138,A
1139,A
1100,A
49230,A
12190,A
12192,A
12169,A
12160,A
12150,A
12151,A
12157,A
12147,A
12138,A
12139,A
12122,A
8565,A
8554,A
8547,A
8549,A
8535,A
49591,A
9687,A
49575,A
49556,A
49560,A
49527,A
49532,A
1096,A
1083,A
1080,A
1067,A
1069,A
1073,A
49485,A
49477,A
49724,A
49726,A
49711,A
49712,A
49713,A
9676,A
49658,A
1059,A
1062,A
1049,A
1057,A
49645,A
12096,A
12074,A
12056,A
12064,A
12048,A
12036,A
12013,A
11999,A
8607,A
8594,A
8597,A
8579,A
8588,A
49943,A
49951,A
49936,A
49885,A
1022,A
1017,A
1021,A
9663,A
49860,A
49828,A
49832,A
49814,A
11971,A
11960,A
11948,A
11950,A
11953,A
11940,A
11945,A
11914,A
11894,A
11888,A
11882,A
11868,A
11861,A
11863,A
11848,A
11851,A
8634,A
8617,A
8619,A
8613,A
8615,A
50104,A
50088,A
50064,A
50055,A
50038,A
50005,A
49968,A
985,A
973,A
11819,A
11810,A
11796,A
11799,A
11802,A
11784,A
11774,A
11769,A
11771,A
11748,A
11737,A
8688,A
9659,A
8677,A
11711,A
11699,A
11700,A
11701,A
50258,A
50213,A
50188,A
50193,A
50179,A
937,A
50157,A
50150,A
50127,A
50100,A
50408,A
9648,A
50332,A
50336,A
50337,A
50318,A
50300,A
50308,A
50298,A
896,A
901,A
872,A
50288,A
50278,A
50270,A
11703,A
11687,A
11679,A
11669,A
11672,A
11654,A
11626,A
11621,A
11602,A
11604,A
11592,A
11598,A
11582,A
50621,A
50590,A
50565,A
9637,A
50517,A
50510,A
50488,A
50492,A
50486,A
50469,A
50461,A
845,A
50440,A
11550,A
11511,A
11463,A
11458,A
11452,A
11428,A
11429,A
8756,A
8758,A
8733,A
8735,A
11409,A
11399,A
11367,A
50836,A
50792,A
50769,A
50761,A
50753,A
50737,A
50720,A
819,A
799,A
50650,A
50614,A
50617,A
50620,A
11353,A
11327,A
11314,A
11301,A
11292,A
11294,A
11283,A
11262,A
11263,A
8783,A
8785,A
8781,A
11244,A
11245,A
11243,A
11202,A
11204,A
50977,A
50978,A
50979,A
50968,A
50960,A
50962,A
50929,A
50934,A
50908,A
50895,A
50897,A
50876,A
50879,A
779,A
762,A
764,A
50856,A
51143,A
51096,A
51076,A
51081,A
51056,A
51057,A
51045,A
51029,A
51005,A
11191,A
11171,A
11153,A
11138,A
11110,A
11099,A
8825,A
11053,A
11021,A
11025,A
11018,A
51307,A
51308,A
51309,A
51283,A
51292,A
51268,A
51249,A
51230,A
705,A
697,A
680,A
683,A
670,A
10986,A
10988,A
10991,A
10980,A
10972,A
10976,A
10961,A
10966,A
8842,A
8844,A
10901,A
10899,A
10885,A
51503,A
51482,A
51475,A
51476,A
51461,A
51433,A
51401,A
51380,A
51355,A
51361,A
658,A
659,A
621,A
627,A
51336,A
10877,A
10862,A
10839,A
10841,A
10813,A
10797,A
10778,A
10771,A
10772,A
10774,A
10759,A
8905,A
8906,A
8900,A
8904,A
10742,A
51596,A
51600,A
51601,A
51603,A
51574,A
51560,A
51563,A
605,A
591,A
565,A
51555,A
51513,A
51517,A
10734,A
10708,A
10710,A
10712,A
10714,A
10693,A
10681,A
10682,A
10669,A
10652,A
10653,A
10645,A
10649,A
8962,A
8923,A
8924,A
8944,A
8915,A
8920,A
10636,A
10639,A
10630,A
51793,A
51799,A
51774,A
51778,A
51756,A
51735,A
51695,A
557,A
528,A
51631,A
51621,A
10614,A
9631,A
10598,A
10603,A
10587,A
10570,A
10566,A
10553,A
9009,A
8992,A
10527,A
10530,A
10498,A
51947,A
51932,A
51918,A
51900,A
51888,A
51889,A
51877,A
51869,A
51861,A
51854,A
51827,A
51828,A
521,A
490,A
492,A
496,A
498,A
51802,A
10486,A
10464,A
10448,A
10449,A
10453,A
10443,A
10417,A
10406,A
10403,A
10392,A
10384,A
10362,A
10348,A
9019,A
9022,A
9017,A
10330,A
10332,A
10324,A
52110,A
52085,A
52086,A
52035,A
52036,A
52004,A
52006,A
488,A
464,A
465,A
466,A
51972,A
9635,A
10294,A
10295,A
10296,A
10302,A
10287,A
10288,A
10292,A
10267,A
10259,A
10241,A
10249,A
10233,A
10236,A
10226,A
10230,A
10214,A
10217,A
10218,A
9075,A
9255,A
9046,A
52308,A
52311,A
52261,A
52266,A
52254,A
52199,A
52195,A
425,A
52138,A
52133,A
52446,A
52436,A
52431,A
52419,A
52420,A
52416,A
52417,A
52388,A
52379,A
52354,A
52346,A
403,A
387,A
52316,A
52322,A
52325,A
10185,A
10190,A
10176,A
10175,A
10159,A
10134,A
9094,A
9100,A
9092,A
9080,A
9083,A
52712,A
52690,A
52691,A
52641,A
52630,A
52616,A
52598,A
52585,A
362,A
339,A
52568,A
52558,A
52504,A
52488,A
52489,A
52473,A
10095,A
10097,A
10069,A
10063,A
10047,A
10040,A
10018,A
10010,A
9147,A
9123,A
9117,A
10007,A
9987,A
9965,A
52863,A
52824,A
52795,A
52780,A
52770,A
52758,A
312,A
299,A
300,A
289,A
291,A
281,A
285,A
288,A
9966,A
9971,A
9954,A
9948,A
9930,A
9922,A
9880,A
9884,A
9877,A
9174,A
9175,A
9158,A
9160,A
9148,A
53058,A
53060,A
53061,A
53033,A
53003,A
53006,A
52939,A
278,A
254,A
255,A
52921,A
53207,A
53172,A
53157,A
53135,A
53139,A
227,A
236,A
237,A
223,A
205,A
207,A
53091,A
9152,A
9155,A
9848,A
9841,A
9828,A
9830,A
9831,A
9823,A
9786,A
9218,A
9194,A
9776,A
9771,A
9259,A
9698,A
53412,A
53371,A
53361,A
53368,A
53352,A
53341,A
53338,A
53309,A
53310,A
134,A
135,A
136,A
130,A
53464,A
53445,A
53422,A
53749,A
9573,A
9575,A
9562,A
9565,A
9552,A
9522,A
9527,A
9529,A
9508,A
9493,A
9285,A
9293,A
9277,A
9260,A
9476,A
9482,A
9454,A
53837,A
50,A
49,A
71,A
53875,A
53873,A
53733,A
53663,A
53628,A
53631,A
53622,A
9425,A
9418,A
9419,A
53726,A
9384,A
9372,A
9347,A
9335,A
9318,A
9319,A
9308,A
9311,A
9299,A
53918,A
53921,A
53922,A
53912,A
53820,A
26395,A
26402,A
26393,A
26394,A
26360,A
26339,A
26332,A
26324,A
26314,A
82,A
11461,A
47897,A
22858,A
49381,A
35061,A
44162,A
21963,A
24335,A
45658,A
41408,A
39393,A
45997,A
44460,A
32425,A
42576,A
49562,A
52001,A
14402,A
40908,A
48782,A
42021,A
8749,A
25773,A
44148,A
5361,A
42758,A
29752,A
49561,A
14283,A
41195,A
19683,A
41914,A
22057,A
47114,A
43460,A
32455,A
25927,A
41439,A
33010,A
45046,A
49941,A
51883,A
50845,A
53670,A
19172,A
23806,A
24097,A
5624,A
5627,A
5615,A
24013,A
24071,A
5619,A
5623,A
53933,A
53886,A
62,A
65,A
24087,A
24133,A
24134,A
23952,A
24103,A
24105,A
24111,A
5628,A
23950,A
24126,A
24127,A
24183,A
24185,A
24189,A
24114,A
73,A
9410,A
9411,A
9416,A
9405,A
86,A
88,A
53642,A
53633,A
9465,A
9350,A
9332,A
53629,A
23940,A
5640,A
24204,A
23919,A
23924,A
24150,A
23929,A
23931,A
5595,A
9426,A
53607,A
9468,A
53571,A
9440,A
53542,A
53545,A
53547,A
53535,A
53588,A
53600,A
80,A
81,A
53573,A
53549,A
53550,A
23899,A
23884,A
23885,A
24216,A
5726,A
5728,A
24208,A
23897,A
5572,A
5573,A
5575,A
24196,A
5725,A
5718,A
5721,A
5722,A
5591,A
5570,A
9266,A
9474,A
9477,A
53525,A
53502,A
53483,A
9263,A
151,A
9511,A
53511,A
9451,A
9458,A
9435,A
5704,A
5707,A
5715,A
5716,A
24248,A
5700,A
23868,A
5703,A
24224,A
24226,A
24227,A
24228,A
23814,A
23808,A
24243,A
24244,A
147,A
133,A
9506,A
53471,A
9486,A
53421,A
53438,A
53475,A
114,A
9270,A
53452,A
53453,A
24336,A
24310,A
23849,A
24307,A
24283,A
24333,A
24272,A
24274,A
24315,A
24290,A
24300,A
23791,A
23772,A
23758,A
24287,A
9538,A
53405,A
53413,A
53388,A
53367,A
53374,A
9554,A
9541,A
53334,A
53308,A
53398,A
9509,A
53360,A
53333,A
24392,A
24396,A
24380,A
23798,A
23787,A
5545,A
5549,A
5552,A
5530,A
23843,A
5553,A
5554,A
24455,A
23750,A
5536,A
5539,A
23707,A
5769,A
24461,A
24420,A
24422,A
24423,A
23731,A
23733,A
24403,A
24405,A
23795,A
23703,A
23704,A
24437,A
24507,A
24508,A
24492,A
24493,A
24409,A
53287,A
53294,A
166,A
154,A
9588,A
53301,A
53250,A
9629,A
194,A
53270,A
53272,A
53414,A
161,A
5748,A
5758,A
5764,A
24501,A
24502,A
23702,A
23684,A
24496,A
24487,A
24469,A
24471,A
5735,A
23654,A
23660,A
23639,A
23690,A
9605,A
53238,A
9634,A
53217,A
53178,A
9614,A
9600,A
53166,A
53161,A
53146,A
53222,A
53228,A
9229,A
9590,A
9581,A
24531,A
23672,A
23675,A
24520,A
5521,A
24511,A
23633,A
23636,A
5512,A
5487,A
24603,A
24605,A
23614,A
5510,A
9675,A
9685,A
9670,A
53111,A
226,A
9639,A
204,A
53117,A
9618,A
9608,A
9611,A
215,A
23600,A
24593,A
24574,A
24580,A
23621,A
23607,A
23611,A
24556,A
24557,A
24587,A
24630,A
24631,A
24634,A
24563,A
24568,A
53076,A
53068,A
196,A
53083,A
53084,A
9691,A
52962,A
52963,A
52950,A
53032,A
9650,A
9652,A
52979,A
52981,A
23571,A
23557,A
23563,A
24645,A
23553,A
5806,A
5476,A
23543,A
5459,A
5460,A
5446,A
23566,A
23544,A
23545,A
5797,A
5775,A
5813,A
9764,A
52951,A
9732,A
9738,A
9762,A
9763,A
258,A
243,A
9730,A
264,A
265,A
256,A
23537,A
23539,A
5774,A
23530,A
24687,A
24718,A
5788,A
23534,A
24649,A
24658,A
24640,A
24731,A
24735,A
23511,A
23512,A
24660,A
24670,A
9196,A
9775,A
9778,A
52919,A
52887,A
52888,A
52865,A
9199,A
9185,A
52818,A
52893,A
52959,A
52856,A
23507,A
23510,A
23491,A
5429,A
23518,A
23521,A
5425,A
24724,A
24712,A
23487,A
23488,A
23485,A
23464,A
23466,A
5424,A
23452,A
23440,A
23445,A
24770,A
23480,A
24753,A
24754,A
24756,A
23469,A
23472,A
24749,A
24752,A
24765,A
24818,A
24819,A
24759,A
24760,A
24739,A
9785,A
9787,A
9813,A
52815,A
9792,A
52762,A
52752,A
52734,A
9217,A
9197,A
23434,A
23436,A
23439,A
24831,A
24832,A
23414,A
23401,A
23402,A
24829,A
23431,A
24809,A
24801,A
24784,A
24792,A
23421,A
23404,A
23379,A
23381,A
23403,A
24805,A
9837,A
9819,A
9821,A
52743,A
311,A
301,A
306,A
283,A
52708,A
9824,A
9805,A
287,A
5399,A
24885,A
5392,A
23384,A
23368,A
24869,A
5380,A
5383,A
24861,A
9182,A
9892,A
9897,A
52667,A
52650,A
52642,A
52665,A
52666,A
313,A
9162,A
9169,A
9170,A
52649,A
24962,A
24964,A
24934,A
24926,A
24920,A
5850,A
24956,A
24960,A
24901,A
24905,A
24882,A
24941,A
24943,A
5819,A
24899,A
23318,A
23309,A
24999,A
5826,A
5359,A
5336,A
23316,A
23317,A
5333,A
24967,A
24975,A
5354,A
5355,A
5357,A
25057,A
23296,A
23298,A
5351,A
24982,A
9910,A
9911,A
9912,A
52609,A
9904,A
52599,A
9940,A
52576,A
9915,A
9900,A
9899,A
9871,A
9883,A
52593,A
350,A
353,A
52564,A
9972,A
52560,A
52547,A
9932,A
52552,A
23287,A
25056,A
23262,A
25028,A
25019,A
25001,A
25008,A
25015,A
24996,A
23251,A
23256,A
23250,A
23224,A
25050,A
23214,A
5321,A
23241,A
25106,A
25086,A
25088,A
25091,A
5884,A
5887,A
25080,A
25081,A
5296,A
5867,A
5872,A
23202,A
23203,A
25079,A
9115,A
9135,A
52498,A
52492,A
10002,A
52470,A
10000,A
52516,A
9991,A
9973,A
9975,A
5860,A
23187,A
23198,A
25148,A
25133,A
23207,A
5330,A
5332,A
23175,A
23179,A
23182,A
25124,A
25126,A
10027,A
10028,A
52445,A
52426,A
52428,A
52413,A
52400,A
10048,A
52415,A
9139,A
9119,A
9127,A
9129,A
52375,A
52357,A
5255,A
5258,A
25166,A
25171,A
5874,A
23142,A
23147,A
25247,A
25251,A
25227,A
25160,A
23115,A
23122,A
25238,A
25241,A
5927,A
23092,A
25214,A
25205,A
25191,A
23103,A
5901,A
5902,A
5897,A
25215,A
10066,A
397,A
385,A
10092,A
394,A
52341,A
370,A
52299,A
52284,A
52294,A
389,A
52430,A
52315,A
25309,A
25286,A
25294,A
23081,A
23089,A
25253,A
23079,A
23080,A
23060,A
23061,A
23064,A
25278,A
25279,A
10109,A
10114,A
10115,A
9093,A
9078,A
9079,A
52249,A
52242,A
52230,A
52216,A
52214,A
10118,A
52255,A
10103,A
10083,A
10085,A
52224,A
23056,A
23057,A
25367,A
23075,A
25359,A
25364,A
25339,A
25340,A
25341,A
23067,A
25321,A
25324,A
25325,A
25354,A
25358,A
23035,A
23038,A
25345,A
25329,A
10143,A
9102,A
9103,A
10166,A
430,A
432,A
10132,A
10139,A
10140,A
9084,A
10119,A
442,A
23021,A
23005,A
23007,A
23008,A
25420,A
23033,A
25407,A
25410,A
25397,A
23013,A
25365,A
23011,A
25404,A
5252,A
25402,A
52174,A
52175,A
52176,A
9061,A
52132,A
52122,A
52124,A
10200,A
10184,A
52104,A
52164,A
10160,A
10161,A
52125,A
52109,A
52114,A
23000,A
22977,A
25428,A
5214,A
5946,A
22945,A
5930,A
25522,A
25528,A
25510,A
25484,A
25463,A
25464,A
25520,A
25453,A
25455,A
22919,A
22927,A
25467,A
9069,A
9073,A
52060,A
52064,A
10238,A
52031,A
52009,A
9062,A
51996,A
51990,A
52049,A
52053,A
10196,A
52026,A
22895,A
5205,A
5207,A
5185,A
5192,A
22904,A
22888,A
25535,A
25538,A
5969,A
22881,A
22883,A
22875,A
22862,A
22844,A
25585,A
22841,A
22807,A
22794,A
25576,A
10255,A
10260,A
485,A
480,A
10279,A
10264,A
51940,A
51950,A
10243,A
10246,A
10248,A
10210,A
457,A
458,A
5151,A
25700,A
25654,A
25657,A
25661,A
5158,A
25679,A
25688,A
25690,A
25747,A
25749,A
25662,A
10284,A
10290,A
10291,A
51894,A
10310,A
51875,A
10307,A
51822,A
517,A
522,A
51899,A
51902,A
51982,A
10273,A
51863,A
25757,A
25758,A
25760,A
25736,A
25739,A
6004,A
25721,A
5985,A
22739,A
22721,A
22724,A
5104,A
22747,A
22751,A
5096,A
25799,A
25801,A
25803,A
22730,A
5125,A
25789,A
25791,A
25770,A
5087,A
5088,A
25867,A
25868,A
22712,A
25804,A
25783,A
10333,A
10335,A
523,A
9029,A
9030,A
491,A
502,A
51801,A
51784,A
51791,A
51767,A
511,A
10293,A
51820,A
489,A
10368,A
10357,A
51772,A
51750,A
51714,A
51691,A
51693,A
51682,A
51676,A
10383,A
537,A
525,A
529,A
530,A
10342,A
550,A
22697,A
25845,A
25834,A
25835,A
22690,A
22693,A
25827,A
25854,A
25856,A
25907,A
25911,A
25912,A
25913,A
25839,A
25840,A
25821,A
51643,A
51644,A
51661,A
51616,A
10397,A
51602,A
51606,A
51645,A
51754,A
51761,A
51736,A
51628,A
51598,A
25923,A
25905,A
25892,A
25896,A
22671,A
22661,A
25874,A
25860,A
22652,A
22656,A
22657,A
22618,A
22626,A
25901,A
25881,A
5066,A
5074,A
22628,A
22632,A
25946,A
25947,A
25937,A
25938,A
22599,A
25916,A
25919,A
25953,A
25945,A
6032,A
22592,A
25941,A
25925,A
25926,A
51591,A
10431,A
10433,A
10458,A
10460,A
570,A
51549,A
10438,A
10442,A
10419,A
10416,A
10409,A
592,A
602,A
582,A
26007,A
26008,A
26009,A
26050,A
25982,A
22583,A
26034,A
25977,A
25980,A
25994,A
25997,A
25998,A
22569,A
22571,A
25991,A
10471,A
10476,A
10478,A
51536,A
51505,A
51507,A
51472,A
10468,A
51468,A
51460,A
51452,A
51576,A
51564,A
51480,A
51466,A
22527,A
5040,A
22565,A
5008,A
4999,A
26060,A
26062,A
26042,A
22530,A
5005,A
26126,A
26111,A
5000,A
5002,A
51396,A
8993,A
51377,A
51411,A
657,A
664,A
666,A
669,A
51386,A
51390,A
10497,A
10480,A
10481,A
10488,A
51369,A
22502,A
26093,A
26098,A
26101,A
26102,A
22507,A
26088,A
26071,A
26072,A
22489,A
22491,A
22493,A
22459,A
22460,A
22463,A
10535,A
653,A
10550,A
51340,A
10542,A
8981,A
8976,A
10512,A
51346,A
6082,A
4981,A
4992,A
4975,A
22481,A
26180,A
4962,A
4964,A
6077,A
26151,A
26156,A
26131,A
6061,A
6068,A
26169,A
51314,A
51319,A
51302,A
10622,A
51270,A
51272,A
51263,A
51322,A
51240,A
51221,A
51223,A
51224,A
51289,A
10567,A
10573,A
51250,A
51255,A
51234,A
22441,A
22427,A
26229,A
26236,A
26210,A
26211,A
26214,A
26191,A
6060,A
22433,A
26228,A
26207,A
4957,A
4959,A
26258,A
26193,A
8950,A
8951,A
8955,A
51207,A
8931,A
10643,A
687,A
689,A
674,A
675,A
10608,A
10593,A
10576,A
10627,A
10631,A
10633,A
22407,A
22408,A
22391,A
26275,A
4955,A
4956,A
4952,A
4930,A
22402,A
22404,A
4938,A
4939,A
26244,A
26248,A
26250,A
22399,A
22361,A
22348,A
22349,A
4936,A
10648,A
10660,A
51151,A
51152,A
51155,A
10666,A
51127,A
10721,A
10724,A
8963,A
8964,A
10647,A
51212,A
51198,A
51200,A
51205,A
51135,A
51138,A
51148,A
26328,A
26315,A
22371,A
26303,A
26284,A
26273,A
26323,A
6120,A
26309,A
26310,A
26289,A
51102,A
51103,A
10726,A
51080,A
51064,A
51042,A
10696,A
10698,A
51032,A
51038,A
740,A
51091,A
51095,A
51098,A
10673,A
10678,A
10680,A
10662,A
51044,A
51026,A
6097,A
6099,A
26391,A
26392,A
26381,A
26382,A
26386,A
26387,A
6121,A
6126,A
26337,A
22368,A
22330,A
4918,A
4923,A
4924,A
26354,A
10738,A
8886,A
51006,A
10751,A
10756,A
10757,A
50976,A
50952,A
50957,A
708,A
51009,A
10703,A
10707,A
10685,A
10689,A
50992,A
50995,A
22316,A
26411,A
26412,A
4903,A
4910,A
22320,A
26408,A
22307,A
4891,A
26401,A
10793,A
50898,A
50881,A
50865,A
8913,A
763,A
765,A
750,A
8875,A
8880,A
8883,A
10740,A
50861,A
22277,A
26433,A
26439,A
26441,A
22276,A
26430,A
22267,A
26512,A
26517,A
26495,A
22232,A
22239,A
26507,A
22214,A
22215,A
26498,A
26505,A
22208,A
26483,A
26484,A
22225,A
22226,A
22181,A
22217,A
22221,A
22199,A
10843,A
757,A
10800,A
50815,A
10873,A
10874,A
10823,A
10763,A
50802,A
50811,A
4864,A
22189,A
4861,A
4838,A
22166,A
22171,A
26544,A
26528,A
26533,A
26534,A
4842,A
4844,A
4860,A
6149,A
6138,A
26538,A
50785,A
50771,A
10879,A
10866,A
50740,A
10846,A
10850,A
50707,A
50708,A
10919,A
10922,A
50765,A
50850,A
50722,A
50717,A
22150,A
6136,A
22130,A
26627,A
26611,A
6139,A
26571,A
26642,A
22124,A
26569,A
22114,A
22098,A
26652,A
4833,A
22096,A
4803,A
22129,A
4792,A
4793,A
22090,A
26741,A
26743,A
4811,A
4818,A
4790,A
50668,A
50670,A
50662,A
10912,A
809,A
10884,A
10889,A
794,A
800,A
50655,A
10869,A
10856,A
790,A
22055,A
22060,A
26744,A
26732,A
26730,A
26688,A
22078,A
26662,A
22045,A
22046,A
22020,A
6209,A
26837,A
26840,A
26678,A
26664,A
8850,A
10932,A
10937,A
50627,A
8863,A
50612,A
8837,A
8840,A
50595,A
10895,A
10896,A
10898,A
10902,A
26807,A
26809,A
26802,A
22040,A
22016,A
26785,A
26841,A
26832,A
4762,A
4741,A
6185,A
22002,A
4777,A
10995,A
10974,A
10982,A
10968,A
50550,A
10954,A
10956,A
50534,A
50518,A
50519,A
10985,A
8858,A
8859,A
8862,A
8872,A
10951,A
21994,A
21995,A
21996,A
6202,A
6170,A
4695,A
26857,A
26860,A
4696,A
4699,A
26899,A
26851,A
11011,A
11012,A
11016,A
11000,A
50530,A
50475,A
50459,A
857,A
861,A
50490,A
50559,A
50560,A
50545,A
50463,A
26870,A
21985,A
21966,A
21972,A
21953,A
4727,A
21930,A
21940,A
6196,A
21957,A
26924,A
26926,A
21928,A
21906,A
21907,A
21908,A
26933,A
26934,A
26940,A
6247,A
26912,A
26920,A
26901,A
26904,A
26893,A
21891,A
21893,A
6231,A
6232,A
21882,A
6252,A
50438,A
50439,A
8814,A
50390,A
50384,A
50354,A
50426,A
50431,A
50516,A
4665,A
4668,A
4652,A
26968,A
26977,A
21871,A
21874,A
26942,A
4658,A
21833,A
21834,A
26963,A
8836,A
50328,A
50359,A
50340,A
50294,A
888,A
11086,A
8835,A
50310,A
8809,A
895,A
27027,A
27028,A
21857,A
21841,A
27021,A
27007,A
27011,A
21819,A
27060,A
26999,A
27000,A
26981,A
26991,A
27017,A
21812,A
21794,A
26992,A
26998,A
11113,A
11115,A
50254,A
50199,A
50190,A
11117,A
50163,A
50164,A
11097,A
50351,A
11093,A
11082,A
50192,A
50170,A
21782,A
27108,A
27093,A
27097,A
27070,A
27072,A
27099,A
21764,A
21770,A
21771,A
21745,A
4618,A
27150,A
21755,A
27126,A
27113,A
21748,A
6300,A
21735,A
6288,A
6274,A
11150,A
11155,A
11189,A
925,A
926,A
11167,A
50125,A
50126,A
50135,A
50137,A
944,A
945,A
50238,A
11137,A
50162,A
50143,A
27210,A
27212,A
27200,A
4650,A
4651,A
27168,A
6257,A
4647,A
4638,A
27182,A
27188,A
21694,A
21695,A
4643,A
11208,A
50115,A
50117,A
11196,A
11207,A
11236,A
50054,A
50058,A
8790,A
11215,A
11192,A
50071,A
27258,A
27259,A
27264,A
21691,A
4601,A
4593,A
27272,A
27275,A
4578,A
27228,A
27234,A
27244,A
21654,A
21656,A
27240,A
27321,A
27324,A
21675,A
27316,A
27300,A
21649,A
21629,A
27279,A
27287,A
27289,A
27325,A
27330,A
27310,A
21607,A
21613,A
27301,A
27307,A
50045,A
50031,A
50033,A
8796,A
50011,A
49998,A
49978,A
49966,A
49967,A
977,A
968,A
50002,A
11232,A
11234,A
21597,A
21590,A
21619,A
21621,A
27359,A
27342,A
27346,A
21616,A
27337,A
27340,A
21661,A
21594,A
27364,A
27399,A
27350,A
27332,A
27333,A
11273,A
11275,A
8799,A
11260,A
49935,A
49919,A
49911,A
49899,A
49893,A
11285,A
11286,A
1020,A
1025,A
1026,A
1015,A
8772,A
11239,A
11246,A
1029,A
49880,A
11344,A
11317,A
1000,A
11305,A
11354,A
49829,A
11320,A
11302,A
11289,A
11295,A
11282,A
49850,A
49853,A
21582,A
21558,A
27418,A
21544,A
21555,A
21579,A
4557,A
4558,A
27385,A
21566,A
27466,A
27475,A
4553,A
6323,A
6324,A
6304,A
27483,A
27462,A
27465,A
21533,A
21542,A
27459,A
27442,A
27432,A
27434,A
27412,A
27413,A
27416,A
6311,A
27502,A
21515,A
27424,A
27430,A
49762,A
49763,A
11387,A
11394,A
49744,A
49733,A
49709,A
49757,A
11350,A
49717,A
49721,A
49722,A
21511,A
21480,A
27515,A
27522,A
4518,A
4519,A
21503,A
21507,A
21508,A
27482,A
4530,A
4532,A
21446,A
21451,A
4501,A
4507,A
49661,A
1056,A
1039,A
49682,A
49676,A
11381,A
11375,A
49653,A
1032,A
1033,A
27591,A
27577,A
21474,A
21459,A
27564,A
27545,A
27534,A
21437,A
27525,A
27511,A
27580,A
27582,A
27558,A
21414,A
21416,A
21419,A
27541,A
27523,A
11421,A
8755,A
8757,A
8759,A
8760,A
49648,A
49634,A
49637,A
11427,A
49620,A
49606,A
49630,A
8745,A
8746,A
11407,A
8732,A
49616,A
49618,A
21412,A
21397,A
21401,A
27618,A
4492,A
21406,A
21411,A
27607,A
27609,A
4485,A
27721,A
21389,A
21393,A
27615,A
11467,A
11449,A
11457,A
49580,A
49596,A
49531,A
49586,A
11446,A
49545,A
27712,A
27716,A
27688,A
27674,A
27680,A
27646,A
27658,A
21373,A
21374,A
27625,A
27627,A
27684,A
27685,A
21332,A
21334,A
21336,A
21312,A
11494,A
11505,A
49487,A
11535,A
49476,A
11512,A
49400,A
1074,A
11493,A
11471,A
49460,A
49423,A
4439,A
4423,A
4447,A
27761,A
21323,A
6366,A
27744,A
27745,A
27725,A
27726,A
6347,A
6348,A
21297,A
21299,A
27823,A
27819,A
6350,A
21309,A
27773,A
27780,A
27866,A
21275,A
21246,A
27820,A
27798,A
27800,A
11554,A
11557,A
11558,A
49386,A
49341,A
11564,A
49318,A
49300,A
49301,A
11545,A
11517,A
11523,A
11524,A
11525,A
49317,A
27988,A
27964,A
27999,A
27927,A
27917,A
27970,A
27971,A
27961,A
21240,A
21241,A
21218,A
21222,A
27921,A
49291,A
49256,A
1137,A
8704,A
1108,A
49249,A
1102,A
11584,A
11586,A
49242,A
49222,A
49233,A
49234,A
1106,A
1107,A
49399,A
11568,A
11570,A
11574,A
21195,A
21198,A
21201,A
21235,A
21239,A
28046,A
21213,A
21214,A
28009,A
28010,A
21281,A
4406,A
28181,A
21190,A
28013,A
8727,A
11601,A
11605,A
49178,A
49160,A
49148,A
11606,A
11612,A
49098,A
11671,A
49180,A
11580,A
11581,A
49122,A
21170,A
21180,A
28191,A
28133,A
21169,A
28107,A
28085,A
21146,A
21149,A
6406,A
6383,A
28135,A
1172,A
11678,A
1149,A
11635,A
49069,A
49075,A
49079,A
1143,A
11620,A
11627,A
6380,A
6381,A
6392,A
28202,A
6385,A
6386,A
28201,A
28184,A
28190,A
21134,A
28306,A
28200,A
21115,A
28324,A
28278,A
28279,A
28285,A
28274,A
28307,A
28311,A
28229,A
28216,A
28220,A
21079,A
21063,A
21042,A
21027,A
28260,A
28243,A
11704,A
49042,A
48985,A
48962,A
48964,A
11710,A
11695,A
1223,A
48949,A
49026,A
49027,A
48959,A
28396,A
28397,A
28380,A
21053,A
21060,A
4359,A
4371,A
4372,A
4339,A
28392,A
28337,A
28375,A
4356,A
20999,A
21003,A
28345,A
28333,A
1211,A
1193,A
8662,A
8666,A
48923,A
8660,A
11730,A
48882,A
48865,A
11716,A
11719,A
6438,A
6441,A
28488,A
28519,A
28441,A
20983,A
28472,A
28540,A
28543,A
28419,A
6435,A
20979,A
20961,A
28545,A
4322,A
4312,A
4304,A
20943,A
20929,A
4311,A
11741,A
48855,A
48829,A
1248,A
1236,A
1238,A
11760,A
1232,A
11824,A
11826,A
1257,A
11734,A
11735,A
8656,A
8659,A
1239,A
20925,A
20927,A
20939,A
28621,A
28622,A
28566,A
28639,A
28644,A
20914,A
20878,A
28578,A
11811,A
48793,A
48794,A
48779,A
48780,A
48772,A
48773,A
48748,A
48801,A
48788,A
11767,A
11770,A
11773,A
48766,A
20889,A
20868,A
20876,A
28742,A
20908,A
28717,A
28720,A
20879,A
20948,A
28722,A
28769,A
28756,A
28757,A
8640,A
8627,A
11844,A
48754,A
48756,A
48763,A
11835,A
48716,A
48713,A
48698,A
11817,A
48724,A
20841,A
20848,A
20850,A
20828,A
28768,A
6490,A
20822,A
4282,A
20864,A
4278,A
4263,A
4261,A
20832,A
20833,A
6488,A
6476,A
6485,A
4275,A
20819,A
20799,A
28850,A
28832,A
28822,A
6457,A
28782,A
28787,A
28788,A
28772,A
28827,A
20798,A
48673,A
48652,A
48653,A
48657,A
11881,A
48640,A
48620,A
48675,A
48676,A
1296,A
1286,A
48646,A
48735,A
48741,A
48732,A
8632,A
8635,A
48604,A
20741,A
28908,A
28931,A
28891,A
28892,A
20756,A
20761,A
28873,A
28849,A
28898,A
28940,A
28941,A
4256,A
28879,A
28884,A
11889,A
11890,A
1287,A
48577,A
48571,A
11916,A
48520,A
11895,A
11897,A
11858,A
8641,A
48555,A
48541,A
28937,A
20711,A
20707,A
20687,A
20693,A
4239,A
4259,A
28936,A
28929,A
29086,A
29089,A
29072,A
28934,A
11939,A
11942,A
48508,A
48513,A
48491,A
48468,A
48458,A
11959,A
48448,A
48433,A
11933,A
20671,A
6531,A
6515,A
4191,A
29049,A
29050,A
29084,A
20666,A
20668,A
28959,A
28964,A
6519,A
6508,A
6510,A
20640,A
29004,A
11997,A
8570,A
48420,A
48384,A
48390,A
8590,A
1311,A
1301,A
48405,A
11963,A
11966,A
11949,A
11952,A
48381,A
20616,A
20617,A
6499,A
6506,A
29151,A
29153,A
29123,A
20636,A
20638,A
29103,A
4221,A
4205,A
4210,A
20619,A
29162,A
29277,A
29097,A
20604,A
20585,A
29272,A
29275,A
20610,A
20611,A
20612,A
29208,A
29168,A
20579,A
20556,A
20572,A
29232,A
29223,A
12007,A
48300,A
1302,A
48370,A
48232,A
48234,A
48235,A
12022,A
48213,A
48291,A
8600,A
20555,A
20533,A
20537,A
29365,A
29352,A
29345,A
29337,A
29318,A
20549,A
20551,A
29313,A
29284,A
6568,A
6544,A
6547,A
12045,A
48198,A
48186,A
12092,A
12072,A
48173,A
1372,A
48190,A
48191,A
12026,A
12015,A
12017,A
48154,A
20517,A
20507,A
29393,A
4146,A
6536,A
6540,A
29373,A
29374,A
29359,A
29364,A
4181,A
4163,A
29427,A
29430,A
29431,A
29371,A
12111,A
12101,A
8536,A
48083,A
48075,A
12108,A
12109,A
12110,A
48055,A
1354,A
48111,A
12075,A
20502,A
20487,A
20459,A
20464,A
20468,A
29434,A
29398,A
29392,A
20474,A
20476,A
6600,A
6609,A
29416,A
29411,A
29563,A
29547,A
20437,A
29504,A
29505,A
29510,A
29512,A
29498,A
29578,A
29470,A
29465,A
29533,A
29543,A
29663,A
6587,A
6588,A
6592,A
29475,A
29477,A
12123,A
12125,A
48000,A
47992,A
1413,A
12118,A
47932,A
12194,A
8567,A
12105,A
47959,A
6580,A
6583,A
6585,A
29678,A
20405,A
20406,A
6596,A
29611,A
6577,A
20404,A
29702,A
20386,A
29620,A
47921,A
12195,A
12203,A
47901,A
47891,A
12156,A
47866,A
47852,A
47853,A
47857,A
47838,A
47923,A
12153,A
12155,A
12129,A
47876,A
47878,A
20397,A
20376,A
20360,A
20353,A
20358,A
20388,A
29688,A
29690,A
20363,A
20365,A
20340,A
29694,A
12216,A
12210,A
47839,A
47850,A
8517,A
47826,A
47829,A
47831,A
8510,A
8512,A
47794,A
12260,A
12211,A
12213,A
12188,A
47822,A
20324,A
20332,A
20318,A
20321,A
29755,A
4141,A
4122,A
20348,A
29732,A
20308,A
29842,A
29820,A
20293,A
4126,A
47790,A
12248,A
12254,A
47770,A
47727,A
12308,A
47762,A
8522,A
8528,A
47733,A
47734,A
20265,A
20267,A
29853,A
29819,A
29805,A
20298,A
20262,A
29773,A
29777,A
29760,A
29814,A
20251,A
29785,A
6616,A
20235,A
29876,A
6634,A
4076,A
29864,A
6615,A
29855,A
29845,A
20247,A
20220,A
20221,A
20223,A
20224,A
1430,A
12301,A
47714,A
12273,A
47676,A
47665,A
1445,A
12255,A
47687,A
47670,A
29994,A
20230,A
29951,A
20203,A
29895,A
29896,A
29897,A
29881,A
30046,A
20169,A
20171,A
30055,A
30060,A
30017,A
20145,A
20135,A
20143,A
20127,A
20133,A
12335,A
8445,A
12321,A
47595,A
8451,A
8460,A
12325,A
12326,A
47592,A
47574,A
20104,A
20105,A
30108,A
30109,A
30118,A
30107,A
30090,A
20114,A
20120,A
30073,A
30078,A
30080,A
30054,A
6675,A
6658,A
6661,A
20095,A
30081,A
30083,A
12355,A
12358,A
12340,A
47551,A
12381,A
47536,A
47507,A
12365,A
47485,A
47468,A
8468,A
8488,A
47475,A
20086,A
20088,A
6671,A
20097,A
6654,A
30126,A
30128,A
30141,A
20040,A
20025,A
30139,A
30254,A
4031,A
20071,A
30223,A
30214,A
30190,A
20030,A
30180,A
6666,A
30257,A
30227,A
20019,A
20013,A
12392,A
47427,A
12420,A
1459,A
1466,A
12401,A
47398,A
47383,A
47367,A
1484,A
12360,A
12364,A
1470,A
30357,A
30367,A
30407,A
30373,A
20015,A
30319,A
30323,A
30315,A
19995,A
30279,A
30280,A
30346,A
30331,A
19954,A
30316,A
30295,A
12424,A
47368,A
47369,A
12463,A
47339,A
12439,A
47332,A
47334,A
47335,A
12395,A
12398,A
47344,A
30479,A
19966,A
30443,A
30446,A
30460,A
19952,A
6712,A
30412,A
30404,A
30464,A
6691,A
6693,A
30409,A
47321,A
47323,A
47337,A
47314,A
47315,A
47316,A
12469,A
12472,A
47289,A
47293,A
12468,A
12448,A
47318,A
47320,A
19923,A
19928,A
30552,A
30542,A
30505,A
3971,A
19942,A
3969,A
30519,A
19894,A
19896,A
19883,A
3960,A
19873,A
30623,A
19913,A
30602,A
30605,A
30609,A
19884,A
19871,A
19872,A
30582,A
30559,A
30760,A
30761,A
30747,A
30597,A
30600,A
30587,A
12506,A
8441,A
12495,A
47283,A
47295,A
12515,A
47276,A
47262,A
47267,A
47242,A
47244,A
47230,A
47232,A
47284,A
47285,A
8406,A
8415,A
12482,A
19841,A
6757,A
30737,A
30766,A
30757,A
30759,A
30689,A
30693,A
30674,A
30645,A
3925,A
30676,A
30679,A
30648,A
12528,A
12534,A
47223,A
1526,A
12539,A
12543,A
12614,A
12617,A
47199,A
12516,A
12517,A
12498,A
1506,A
30834,A
6749,A
6730,A
30828,A
3927,A
3928,A
30779,A
30782,A
30785,A
30825,A
19802,A
19805,A
19809,A
30801,A
47133,A
12596,A
47127,A
9322,A
47106,A
12577,A
47092,A
47139,A
12557,A
12562,A
12552,A
47111,A
47112,A
19781,A
19784,A
19785,A
30874,A
30863,A
30864,A
30849,A
19790,A
19792,A
30846,A
3942,A
30838,A
6742,A
19771,A
19773,A
30950,A
30841,A
12640,A
8398,A
47022,A
47012,A
12622,A
46957,A
12678,A
12589,A
19746,A
19749,A
30930,A
30923,A
19758,A
19762,A
30876,A
30883,A
19751,A
19719,A
19685,A
31080,A
31082,A
31098,A
31062,A
31021,A
19682,A
20,A
30989,A
31070,A
31071,A
19647,A
19648,A
8401,A
8404,A
12649,A
12684,A
12687,A
46928,A
1564,A
1570,A
12655,A
12657,A
1543,A
46932,A
8361,A
8350,A
1552,A
19646,A
31148,A
31154,A
19675,A
19678,A
19663,A
31125,A
31129,A
3895,A
3878,A
3870,A
6765,A
6773,A
3899,A
3902,A
12706,A
12701,A
1549,A
46902,A
46842,A
46811,A
46812,A
12736,A
12721,A
46805,A
46807,A
46808,A
46852,A
12669,A
46817,A
19635,A
31297,A
31278,A
31209,A
6763,A
19670,A
19597,A
19587,A
31194,A
3852,A
3837,A
19589,A
31321,A
19578,A
19563,A
19545,A
12741,A
1594,A
1598,A
46786,A
46772,A
1573,A
12752,A
1587,A
46884,A
19554,A
19534,A
19544,A
31510,A
19577,A
31483,A
31469,A
19552,A
31463,A
31450,A
19504,A
6827,A
31470,A
31474,A
3819,A
3795,A
31584,A
19522,A
19533,A
31563,A
31528,A
31508,A
31571,A
6821,A
6800,A
31534,A
31538,A
46725,A
46726,A
46713,A
46684,A
12803,A
12767,A
46626,A
46615,A
46667,A
8321,A
12751,A
46636,A
46621,A
19465,A
19466,A
19470,A
19471,A
31672,A
6820,A
31637,A
31619,A
31609,A
31590,A
31594,A
31599,A
31643,A
31654,A
19453,A
19456,A
31608,A
46578,A
12834,A
46576,A
46560,A
46565,A
46554,A
46555,A
1631,A
1624,A
46536,A
8293,A
12769,A
8345,A
12761,A
46558,A
19433,A
19440,A
19419,A
19426,A
31746,A
31779,A
31742,A
31743,A
31721,A
31725,A
31678,A
31663,A
31667,A
31751,A
31738,A
19409,A
19410,A
19415,A
31726,A
31708,A
46486,A
46487,A
46465,A
46470,A
8294,A
8287,A
12868,A
46450,A
46491,A
46503,A
46382,A
12905,A
46445,A
12823,A
12824,A
12809,A
12810,A
46419,A
19406,A
19394,A
19395,A
31845,A
31852,A
31841,A
31835,A
19404,A
31791,A
31793,A
19385,A
19387,A
19388,A
31907,A
31908,A
31894,A
31901,A
31836,A
31824,A
31827,A
12881,A
1666,A
12910,A
12884,A
1662,A
46335,A
46307,A
12878,A
46289,A
46278,A
46279,A
12870,A
12872,A
12858,A
46304,A
19366,A
19369,A
19357,A
19349,A
31918,A
31905,A
3787,A
19374,A
19365,A
3783,A
3772,A
31883,A
31885,A
19322,A
3794,A
46251,A
46258,A
12939,A
12928,A
12930,A
46224,A
46184,A
12885,A
12887,A
12888,A
12889,A
32062,A
32065,A
32037,A
32016,A
32020,A
32096,A
31923,A
19306,A
31963,A
6868,A
6869,A
32192,A
32194,A
32173,A
19284,A
19287,A
32119,A
32182,A
32183,A
32170,A
6850,A
32139,A
32127,A
1713,A
1716,A
1717,A
1707,A
46188,A
12983,A
12985,A
46180,A
46181,A
1692,A
12960,A
46163,A
46149,A
1698,A
1702,A
6839,A
32258,A
32275,A
6858,A
32203,A
19267,A
6834,A
3706,A
3710,A
32191,A
32264,A
32253,A
32254,A
19232,A
19224,A
32212,A
32200,A
13011,A
46118,A
13005,A
46064,A
46065,A
12997,A
13001,A
12986,A
12968,A
12958,A
46091,A
46092,A
46096,A
19229,A
19208,A
19209,A
19211,A
19248,A
19250,A
32332,A
19225,A
19227,A
32279,A
32283,A
32284,A
32348,A
32338,A
19191,A
19180,A
32318,A
13069,A
13053,A
46042,A
46009,A
45996,A
53835,A
13079,A
13065,A
13063,A
46032,A
46144,A
13031,A
13033,A
19179,A
53828,A
32417,A
19202,A
19205,A
32393,A
32382,A
39,A
32353,A
32354,A
32356,A
32359,A
32423,A
32410,A
32414,A
3690,A
3692,A
3674,A
32364,A
32365,A
45952,A
45931,A
45887,A
1745,A
1748,A
13090,A
13097,A
45877,A
45908,A
13080,A
13078,A
19144,A
19147,A
3688,A
19137,A
19138,A
32472,A
53935,A
32457,A
32433,A
19150,A
19151,A
19155,A
19121,A
19099,A
19129,A
19131,A
8275,A
13103,A
45878,A
13125,A
45871,A
45827,A
13124,A
45815,A
13105,A
45865,A
45870,A
45817,A
45826,A
6908,A
19087,A
32590,A
32516,A
19098,A
6907,A
32499,A
3693,A
32548,A
32537,A
32677,A
6901,A
6902,A
32519,A
32521,A
32509,A
13159,A
13144,A
13146,A
13148,A
45797,A
45752,A
45736,A
45738,A
13153,A
45700,A
45691,A
13150,A
13122,A
45724,A
45732,A
6878,A
19064,A
19070,A
32676,A
32665,A
32671,A
32656,A
6892,A
32644,A
32609,A
19072,A
19063,A
19044,A
45675,A
45681,A
53883,A
13218,A
1775,A
45590,A
13203,A
45553,A
45547,A
1798,A
1792,A
1771,A
13168,A
45576,A
19015,A
32778,A
19060,A
19061,A
19062,A
32760,A
32761,A
32762,A
32763,A
19014,A
32691,A
32743,A
32786,A
32776,A
19002,A
19007,A
19011,A
18985,A
8213,A
8215,A
8217,A
8197,A
45525,A
45490,A
13231,A
13232,A
13236,A
8234,A
8210,A
45475,A
45477,A
8199,A
13213,A
13214,A
13198,A
8195,A
18996,A
18975,A
18979,A
18969,A
32879,A
32889,A
18997,A
18998,A
32828,A
18986,A
18990,A
18991,A
3648,A
32798,A
32880,A
32854,A
6942,A
6945,A
6924,A
13239,A
13240,A
45454,A
1825,A
1812,A
13260,A
13247,A
13238,A
45421,A
45414,A
8220,A
8222,A
8228,A
1806,A
6912,A
6913,A
18955,A
32928,A
32929,A
6938,A
32920,A
32905,A
6928,A
18962,A
18963,A
32900,A
32884,A
18960,A
18940,A
32912,A
32895,A
45396,A
45384,A
13316,A
45345,A
45346,A
45334,A
13282,A
45318,A
45376,A
13266,A
13268,A
13253,A
13254,A
45343,A
18906,A
18926,A
18932,A
32980,A
32967,A
32971,A
32936,A
32925,A
32992,A
32994,A
18886,A
18872,A
18879,A
32972,A
13322,A
13351,A
45212,A
13330,A
13331,A
13310,A
13294,A
18894,A
18898,A
3610,A
3617,A
3605,A
39780,A
3626,A
33082,A
33083,A
18858,A
18835,A
18840,A
33078,A
18845,A
18825,A
6984,A
18856,A
33149,A
33150,A
33152,A
33140,A
18842,A
18844,A
33126,A
18812,A
18817,A
6969,A
33144,A
45192,A
45201,A
45202,A
45158,A
45137,A
13411,A
45105,A
45172,A
45177,A
13359,A
13369,A
45140,A
6960,A
18808,A
6982,A
33217,A
33188,A
6955,A
33173,A
33162,A
33223,A
18774,A
18783,A
33171,A
18755,A
18758,A
33301,A
33316,A
18791,A
33281,A
18767,A
3553,A
6974,A
33292,A
33293,A
33353,A
33356,A
18745,A
3556,A
3557,A
13449,A
13451,A
13434,A
13435,A
13440,A
45089,A
1879,A
13428,A
13429,A
1848,A
45051,A
13442,A
13426,A
13415,A
13409,A
1842,A
18738,A
18725,A
33362,A
18722,A
33342,A
33343,A
18748,A
33340,A
18721,A
18712,A
18714,A
18679,A
33348,A
33349,A
56,A
8170,A
44982,A
44986,A
44961,A
44966,A
13474,A
45025,A
45064,A
1869,A
13452,A
44989,A
44995,A
44998,A
18674,A
33462,A
18711,A
33439,A
33427,A
33382,A
33370,A
18640,A
33402,A
33404,A
8190,A
44928,A
44923,A
44967,A
44969,A
1900,A
1887,A
1894,A
13515,A
13494,A
13483,A
44904,A
13553,A
13556,A
8188,A
8163,A
8164,A
44906,A
18639,A
33558,A
3539,A
3512,A
18628,A
33514,A
18707,A
18708,A
3542,A
18608,A
18612,A
33627,A
33640,A
33619,A
33612,A
18582,A
18587,A
18588,A
33565,A
33569,A
33571,A
7019,A
6990,A
33591,A
33593,A
44889,A
44872,A
13543,A
44832,A
44833,A
13527,A
44808,A
44811,A
44879,A
13502,A
13513,A
44819,A
44805,A
44806,A
18573,A
18576,A
33687,A
6992,A
6996,A
18567,A
33739,A
18550,A
18533,A
18534,A
33688,A
33666,A
8117,A
8120,A
44783,A
44716,A
13610,A
13615,A
13577,A
13551,A
13532,A
44739,A
1951,A
18539,A
18540,A
18524,A
3478,A
33812,A
18519,A
33805,A
18535,A
18537,A
18538,A
33793,A
33780,A
18532,A
18518,A
33856,A
3509,A
8145,A
1932,A
13617,A
13596,A
44683,A
1933,A
1924,A
44791,A
44775,A
44776,A
44778,A
44678,A
18497,A
18504,A
18477,A
3494,A
18509,A
18511,A
3487,A
3489,A
18491,A
33913,A
33905,A
18452,A
18456,A
18457,A
33922,A
33907,A
18427,A
33880,A
33861,A
18434,A
18437,A
18418,A
18401,A
33896,A
33883,A
13657,A
13641,A
13646,A
44642,A
44603,A
44587,A
13647,A
13651,A
13656,A
13702,A
44627,A
44616,A
13604,A
13607,A
13582,A
13589,A
44571,A
18395,A
33985,A
33991,A
33953,A
18391,A
33928,A
33936,A
7062,A
7057,A
33955,A
33959,A
13668,A
13705,A
44554,A
44537,A
44518,A
44524,A
13677,A
13659,A
13662,A
44534,A
44535,A
7048,A
7050,A
18372,A
18375,A
34027,A
7034,A
34006,A
18381,A
18340,A
18343,A
18352,A
18353,A
18332,A
3464,A
3466,A
3449,A
34111,A
3455,A
3438,A
18322,A
34067,A
3451,A
3452,A
3454,A
34162,A
34169,A
34170,A
34157,A
34098,A
44462,A
44440,A
13726,A
44393,A
44399,A
44458,A
53845,A
44380,A
44364,A
44391,A
13693,A
13696,A
13697,A
34175,A
18274,A
18276,A
34130,A
3469,A
3473,A
18301,A
18291,A
34228,A
34231,A
34234,A
34153,A
8080,A
8084,A
8086,A
1990,A
1956,A
44327,A
44312,A
44319,A
1987,A
13718,A
44321,A
44324,A
18266,A
18267,A
18268,A
34245,A
18264,A
18265,A
18247,A
18253,A
34224,A
34182,A
34185,A
18273,A
18257,A
18221,A
18222,A
18224,A
18236,A
44320,A
13779,A
13780,A
13785,A
44299,A
13801,A
13802,A
44275,A
13778,A
44343,A
8108,A
18219,A
34302,A
34289,A
18193,A
18197,A
34281,A
18228,A
18233,A
34238,A
7094,A
7098,A
7079,A
7083,A
34264,A
34267,A
7074,A
7077,A
7091,A
7093,A
34380,A
34351,A
34322,A
34326,A
34316,A
34453,A
34487,A
34490,A
13813,A
44279,A
44255,A
44259,A
44241,A
44225,A
13822,A
44192,A
44181,A
13817,A
44237,A
44308,A
44309,A
44189,A
34483,A
34484,A
18172,A
18158,A
18159,A
34474,A
18126,A
7088,A
18165,A
18166,A
18103,A
18088,A
18145,A
13874,A
13854,A
13865,A
53934,A
44125,A
44106,A
13886,A
2001,A
2005,A
44098,A
44136,A
44120,A
13848,A
2013,A
18111,A
18116,A
18117,A
3416,A
3420,A
3421,A
18090,A
34513,A
34514,A
34502,A
34503,A
34505,A
34534,A
3432,A
18045,A
18034,A
34523,A
44073,A
44047,A
8073,A
43991,A
43999,A
43981,A
43969,A
13913,A
44075,A
44082,A
43913,A
43898,A
44018,A
53816,A
43937,A
43934,A
43922,A
34663,A
34664,A
34655,A
18061,A
18062,A
34638,A
34616,A
34623,A
18037,A
34669,A
34601,A
34602,A
18110,A
34643,A
34751,A
34761,A
34739,A
34607,A
13917,A
13921,A
2050,A
2054,A
13947,A
2033,A
43861,A
13926,A
43838,A
2057,A
2044,A
8035,A
8038,A
13908,A
43855,A
43860,A
43833,A
7126,A
18026,A
18028,A
18032,A
34763,A
18017,A
34731,A
34737,A
34747,A
7114,A
34717,A
18033,A
18014,A
34821,A
18001,A
34713,A
34716,A
43809,A
43788,A
13977,A
43772,A
43751,A
13956,A
13957,A
43720,A
43710,A
43719,A
43790,A
13939,A
13942,A
13944,A
13923,A
17997,A
17979,A
34833,A
34813,A
34791,A
18010,A
34773,A
17973,A
34807,A
34811,A
17944,A
17945,A
17946,A
17947,A
3363,A
34855,A
17940,A
17932,A
17962,A
17965,A
17966,A
34844,A
34829,A
17938,A
17913,A
34836,A
13999,A
14000,A
43689,A
2088,A
2071,A
14008,A
14023,A
2065,A
14007,A
13965,A
13972,A
2073,A
2077,A
17904,A
17891,A
17897,A
34945,A
34927,A
34874,A
34875,A
17920,A
17898,A
3386,A
34862,A
34864,A
34907,A
7152,A
7158,A
3387,A
3388,A
14056,A
14059,A
43631,A
2070,A
14053,A
43609,A
43578,A
43628,A
43704,A
43708,A
14039,A
43607,A
43608,A
17872,A
34991,A
34992,A
7159,A
34965,A
34951,A
35016,A
35019,A
17835,A
17839,A
34973,A
14088,A
14091,A
14098,A
14111,A
43553,A
43532,A
14102,A
2139,A
43548,A
43549,A
14078,A
14079,A
43478,A
43482,A
35190,A
17863,A
17840,A
35128,A
35119,A
53817,A
35254,A
3338,A
3343,A
3344,A
35160,A
35127,A
35299,A
35304,A
3355,A
8000,A
8018,A
8002,A
2127,A
2115,A
2119,A
53818,A
43452,A
43456,A
43438,A
2126,A
14118,A
14100,A
2110,A
35306,A
35295,A
35286,A
17801,A
35261,A
17780,A
17786,A
17772,A
17753,A
35293,A
35283,A
17745,A
7215,A
35356,A
17761,A
3310,A
3289,A
3291,A
17758,A
35349,A
35350,A
35341,A
35326,A
7217,A
7220,A
3297,A
35420,A
35399,A
35400,A
3295,A
43424,A
14172,A
14159,A
14160,A
43446,A
8022,A
43373,A
43384,A
14167,A
8004,A
8008,A
7212,A
7193,A
35413,A
35416,A
35418,A
17732,A
7188,A
7204,A
7208,A
35359,A
35364,A
35370,A
35537,A
17703,A
17706,A
35385,A
14182,A
14185,A
14186,A
43354,A
43364,A
14211,A
43338,A
43346,A
43353,A
43321,A
14179,A
43280,A
43281,A
43270,A
43272,A
43274,A
43360,A
43427,A
43428,A
43429,A
43430,A
17689,A
17672,A
35560,A
35534,A
35500,A
35456,A
35458,A
17694,A
35437,A
35421,A
35425,A
35429,A
35613,A
35614,A
35616,A
35617,A
35460,A
14237,A
14245,A
14226,A
14229,A
43265,A
14258,A
43252,A
43253,A
43249,A
14255,A
43232,A
14304,A
2146,A
14198,A
14202,A
35596,A
17654,A
35629,A
7258,A
35592,A
17646,A
7255,A
7234,A
35591,A
14284,A
14291,A
43199,A
53858,A
43172,A
14263,A
14249,A
43184,A
7224,A
35662,A
7237,A
7238,A
35623,A
35624,A
35626,A
17611,A
17613,A
35740,A
35646,A
17575,A
17559,A
17567,A
35736,A
35705,A
35688,A
35720,A
35667,A
35699,A
35701,A
17518,A
3256,A
3257,A
43156,A
43146,A
14337,A
14322,A
43151,A
43155,A
43099,A
43084,A
43088,A
43132,A
43122,A
14295,A
14278,A
35857,A
35844,A
17543,A
35774,A
35770,A
35761,A
35748,A
35750,A
35827,A
17487,A
17495,A
17469,A
35753,A
35755,A
35756,A
7966,A
7967,A
14352,A
14355,A
43072,A
43027,A
7959,A
2207,A
2208,A
42956,A
14356,A
7956,A
7957,A
14316,A
42976,A
35977,A
35981,A
35961,A
17499,A
35958,A
17461,A
17466,A
35925,A
36021,A
36028,A
35937,A
17449,A
36033,A
7293,A
7294,A
7298,A
3232,A
3235,A
3224,A
35997,A
35998,A
35999,A
17421,A
7283,A
7289,A
7269,A
14362,A
2193,A
2194,A
42960,A
14380,A
2178,A
2179,A
7993,A
42921,A
2185,A
43050,A
7973,A
7974,A
42933,A
36131,A
7276,A
36057,A
36041,A
36032,A
36118,A
36120,A
36216,A
36217,A
36053,A
36038,A
14432,A
14435,A
14415,A
53795,A
14413,A
14439,A
14446,A
14450,A
42858,A
42859,A
14416,A
14423,A
14384,A
14370,A
42876,A
17378,A
36231,A
36213,A
17358,A
17383,A
17384,A
36175,A
36176,A
36157,A
36150,A
17380,A
17366,A
17350,A
17336,A
17361,A
36185,A
42803,A
42771,A
53803,A
14457,A
14458,A
42710,A
42712,A
42748,A
17317,A
36296,A
17327,A
17328,A
36225,A
36303,A
17298,A
17269,A
17271,A
3179,A
3161,A
17266,A
17267,A
36331,A
36334,A
36319,A
3172,A
36402,A
36403,A
17256,A
17261,A
36412,A
36392,A
17255,A
36375,A
36352,A
17227,A
7325,A
7315,A
7316,A
7318,A
36386,A
7919,A
14503,A
42697,A
42709,A
2225,A
2229,A
2231,A
42690,A
7949,A
7950,A
42668,A
42673,A
42655,A
42645,A
14507,A
14508,A
14509,A
14479,A
14481,A
42682,A
7312,A
7313,A
17217,A
36562,A
36537,A
36551,A
7304,A
17208,A
7320,A
36451,A
36436,A
36417,A
36419,A
17196,A
17202,A
36478,A
36482,A
36462,A
7952,A
14520,A
42624,A
42633,A
14558,A
42619,A
42608,A
14528,A
53779,A
42565,A
42613,A
2241,A
7942,A
42600,A
36619,A
36639,A
36615,A
3146,A
17192,A
36572,A
36558,A
36560,A
36609,A
17144,A
17147,A
3130,A
3125,A
14565,A
14570,A
14571,A
42548,A
7890,A
42535,A
42536,A
42505,A
42511,A
14580,A
2275,A
2251,A
14559,A
14547,A
14527,A
42513,A
36740,A
36732,A
17160,A
17143,A
36705,A
36706,A
17140,A
17128,A
36672,A
36656,A
36655,A
36721,A
36722,A
36836,A
36816,A
36819,A
36675,A
36677,A
14590,A
42478,A
42466,A
42451,A
14597,A
14604,A
42365,A
42369,A
42459,A
7886,A
7887,A
7888,A
14575,A
42395,A
36826,A
17071,A
17084,A
17114,A
17116,A
17117,A
36787,A
36772,A
17157,A
17110,A
17088,A
17040,A
36801,A
36791,A
14619,A
14627,A
42332,A
42356,A
2311,A
14637,A
14641,A
2297,A
2298,A
2300,A
2284,A
2295,A
42337,A
14607,A
14611,A
14615,A
14618,A
2314,A
2315,A
36938,A
36939,A
36940,A
36917,A
36904,A
36872,A
7364,A
36866,A
36859,A
7355,A
36875,A
36862,A
14663,A
14667,A
42255,A
42232,A
14683,A
42181,A
14750,A
42264,A
14644,A
42212,A
37023,A
7348,A
7353,A
37000,A
37007,A
36989,A
37026,A
3096,A
37014,A
16991,A
16976,A
36975,A
36965,A
42143,A
42144,A
42096,A
42093,A
2358,A
42082,A
42106,A
14713,A
14690,A
14695,A
14672,A
37168,A
37154,A
17004,A
17005,A
37103,A
37098,A
37084,A
16979,A
37067,A
37129,A
16940,A
16941,A
16942,A
16948,A
16937,A
16922,A
16923,A
3083,A
37226,A
16956,A
3077,A
37197,A
37183,A
3073,A
16896,A
3070,A
14769,A
7847,A
53915,A
42010,A
14764,A
14722,A
16876,A
16882,A
37367,A
37371,A
16914,A
37328,A
37294,A
16905,A
37243,A
37228,A
37233,A
37337,A
16866,A
16851,A
16861,A
7395,A
7397,A
7400,A
37462,A
37413,A
37389,A
16843,A
16846,A
37383,A
37365,A
37366,A
37444,A
7387,A
7381,A
37397,A
37376,A
14798,A
14788,A
41991,A
41993,A
41966,A
41956,A
14795,A
41928,A
14841,A
14792,A
14775,A
7867,A
7873,A
7875,A
41938,A
16832,A
3029,A
37505,A
37482,A
37473,A
37475,A
37477,A
37471,A
3035,A
16819,A
16820,A
37486,A
37487,A
14818,A
14819,A
14820,A
14845,A
14830,A
2389,A
2377,A
14826,A
14815,A
2369,A
53917,A
14804,A
2380,A
16808,A
16802,A
37561,A
16824,A
16807,A
37536,A
37516,A
37523,A
16785,A
16751,A
16741,A
37560,A
37530,A
41839,A
41842,A
41836,A
41789,A
14856,A
14857,A
41776,A
41835,A
14834,A
14839,A
14824,A
37646,A
37632,A
16767,A
37625,A
2996,A
37641,A
37642,A
37610,A
37612,A
2998,A
2981,A
2982,A
37725,A
37719,A
16735,A
37713,A
37697,A
37673,A
37665,A
16776,A
37710,A
16665,A
16671,A
37671,A
14905,A
14911,A
14926,A
41709,A
41696,A
41701,A
41702,A
14919,A
14903,A
14904,A
41659,A
41639,A
7832,A
41735,A
41722,A
14897,A
14898,A
14901,A
41688,A
37860,A
37857,A
37850,A
16675,A
37815,A
16660,A
37757,A
16730,A
16636,A
16623,A
37783,A
37790,A
14948,A
41631,A
7833,A
7838,A
41609,A
7813,A
14944,A
2397,A
2398,A
41621,A
14913,A
2414,A
7446,A
2963,A
2968,A
38005,A
2949,A
2951,A
37975,A
16616,A
7435,A
37942,A
37924,A
2952,A
16601,A
37948,A
37949,A
16593,A
38066,A
38068,A
7423,A
38052,A
38057,A
16605,A
16590,A
38026,A
38003,A
38048,A
38051,A
38121,A
38122,A
38043,A
38018,A
38024,A
14987,A
41591,A
41540,A
41528,A
41555,A
41512,A
41494,A
41499,A
7818,A
41526,A
16571,A
16573,A
16564,A
38132,A
38105,A
38072,A
38085,A
7416,A
16566,A
16567,A
38194,A
16537,A
16525,A
38097,A
38100,A
15032,A
41505,A
41481,A
53923,A
41442,A
41417,A
15041,A
15044,A
2433,A
24042,A
41409,A
15097,A
15006,A
41566,A
41569,A
41546,A
41549,A
2451,A
2445,A
16520,A
16521,A
16522,A
16523,A
38224,A
38188,A
38190,A
38172,A
38182,A
16532,A
16515,A
38145,A
38152,A
38134,A
16505,A
2939,A
16493,A
41349,A
41286,A
41281,A
41271,A
41257,A
15063,A
41247,A
41236,A
41459,A
41461,A
41466,A
41261,A
41262,A
7492,A
7496,A
16466,A
38262,A
2936,A
16480,A
16488,A
38237,A
38233,A
2926,A
2929,A
2930,A
7458,A
7460,A
7461,A
38234,A
15105,A
15108,A
15115,A
41180,A
7782,A
7783,A
2501,A
41128,A
41129,A
41130,A
53805,A
15073,A
41141,A
2500,A
16456,A
7472,A
7473,A
7478,A
38317,A
7463,A
16459,A
16460,A
38275,A
38277,A
38280,A
16457,A
38335,A
38337,A
38289,A
38291,A
2474,A
2476,A
15137,A
41095,A
41055,A
41060,A
7802,A
7803,A
7805,A
41023,A
41025,A
40998,A
41110,A
41213,A
41219,A
41221,A
7777,A
41038,A
38399,A
38400,A
16446,A
16429,A
38381,A
38386,A
38370,A
2870,A
38364,A
38339,A
38392,A
38393,A
16399,A
38349,A
40990,A
40993,A
40994,A
40996,A
41011,A
15208,A
40977,A
40951,A
40917,A
40912,A
24000,A
15142,A
15128,A
15134,A
15135,A
16357,A
16358,A
16362,A
38504,A
38480,A
16396,A
16398,A
38426,A
16387,A
16367,A
2896,A
2902,A
16438,A
38468,A
38471,A
38463,A
7533,A
7513,A
7518,A
38422,A
15238,A
15239,A
2534,A
2538,A
2517,A
15259,A
2516,A
40863,A
7757,A
15240,A
15219,A
2533,A
15213,A
15218,A
2529,A
40865,A
2504,A
7502,A
16351,A
16353,A
7527,A
7530,A
38551,A
7520,A
7522,A
38505,A
38509,A
38510,A
16354,A
16355,A
38662,A
38652,A
38631,A
40822,A
40824,A
40806,A
7763,A
7743,A
40781,A
40766,A
40768,A
40843,A
40710,A
40692,A
40684,A
40810,A
40812,A
40874,A
15254,A
15256,A
40726,A
16343,A
16323,A
38655,A
38661,A
16312,A
16314,A
38636,A
38601,A
7524,A
7525,A
16326,A
16327,A
16310,A
16268,A
16305,A
38624,A
15301,A
40685,A
40689,A
7766,A
40646,A
40637,A
7737,A
38739,A
38743,A
38718,A
38776,A
38699,A
38702,A
38705,A
16251,A
38745,A
2824,A
38668,A
38672,A
38808,A
38814,A
16241,A
38695,A
2839,A
2844,A
15335,A
40622,A
15353,A
40589,A
40590,A
15331,A
2581,A
2552,A
2554,A
40573,A
40566,A
40678,A
40659,A
15302,A
40580,A
2579,A
16248,A
16232,A
38830,A
38820,A
16213,A
16217,A
38807,A
16242,A
16243,A
38788,A
16212,A
38792,A
38795,A
40473,A
15404,A
15405,A
40440,A
2629,A
40445,A
15362,A
15347,A
16163,A
16167,A
16172,A
38925,A
38928,A
38887,A
38888,A
38857,A
38877,A
16173,A
38852,A
38846,A
38847,A
38891,A
38893,A
38884,A
16162,A
16141,A
38880,A
16130,A
16153,A
38972,A
38960,A
16146,A
38942,A
38945,A
38931,A
38932,A
7564,A
7565,A
2782,A
15419,A
2589,A
2591,A
15415,A
40389,A
15454,A
40361,A
15398,A
40559,A
40540,A
40364,A
7546,A
2796,A
16109,A
39008,A
39011,A
38991,A
16102,A
39013,A
38984,A
16068,A
39123,A
39112,A
39113,A
39083,A
16103,A
16089,A
2807,A
2812,A
16071,A
16056,A
16058,A
16038,A
15465,A
40309,A
40300,A
40261,A
40247,A
15509,A
40307,A
40408,A
15448,A
15450,A
40269,A
16048,A
16035,A
39154,A
16053,A
16025,A
16028,A
39139,A
39140,A
39142,A
16039,A
39134,A
39122,A
39228,A
15993,A
39130,A
15484,A
15488,A
15494,A
7731,A
15512,A
15513,A
15504,A
40179,A
15478,A
40231,A
40234,A
40340,A
40315,A
40207,A
40215,A
7605,A
7612,A
15998,A
16003,A
7613,A
39223,A
39311,A
39301,A
39200,A
39188,A
2754,A
39309,A
15951,A
7595,A
39269,A
39258,A
39352,A
39355,A
39358,A
15559,A
15563,A
15542,A
40180,A
40155,A
15520,A
15554,A
15558,A
40140,A
15517,A
15519,A
15500,A
15940,A
15922,A
39367,A
39330,A
15943,A
15945,A
15950,A
2758,A
2762,A
2747,A
15914,A
15905,A
15907,A
15888,A
15890,A
2757,A
15571,A
40103,A
40104,A
40141,A
7670,A
40087,A
40069,A
7652,A
40061,A
40064,A
40093,A
40164,A
2658,A
40152,A
40071,A
15872,A
39491,A
39498,A
39478,A
39460,A
15873,A
39388,A
24003,A
39385,A
39480,A
7649,A
7651,A
39580,A
15856,A
15860,A
15850,A
39566,A
39547,A
39529,A
15843,A
7648,A
39524,A
39526,A
39587,A
7634,A
15596,A
15587,A
7684,A
15585,A
15616,A
15619,A
15623,A
39968,A
39974,A
39957,A
39960,A
39962,A
15588,A
7674,A
7658,A
40016,A
40020,A
39982,A
7615,A
15815,A
39660,A
39638,A
39620,A
39621,A
7637,A
7638,A
7639,A
2708,A
39589,A
15827,A
15801,A
15803,A
39607,A
2735,A
15648,A
15625,A
15626,A
39964,A
15672,A
39937,A
15669,A
39933,A
39920,A
15713,A
15636,A
40054,A
39924,A
39925,A
15781,A
39724,A
15806,A
15810,A
39718,A
39721,A
53861,A
53862,A
24058,A
24039,A
53906,A
53910,A
37,A
2696,A
24141,A
23971,A
33,A
53727,A
9363,A
9354,A
53700,A
53682,A
107,A
53678,A
99,A
53691,A
53697,A
24024,A
24026,A
24009,A
53675,A
53677,A
23960,A
5684,A
24136,A
24137,A
24140,A
39908,A
39711,A
39697,A
39658,A
39715,A
39673,A
39872,A
2695,A
53794,A
15715,A
2671,A
39868,A
39886,A
39830,A
39831,A
2681,A
39841,A
39843,A
15729,A
15732,A
15735,A
39783,A
39787,A
15750,A
39750,A
39732,A
39739,A
15738,A
39819,A
39792,A
15719,A
39907,A
24093,A
42495,A
48816,A
52877,A
5102,A
40328,A
44718,A
24883,A
53440,A
16150,A
35220,A
24192,A
8889,A
22255,A
12732,A
5875,A
22744,A
32456,A
10794,A
42779,A
26790,A
27396,A
49302,A
52660,A
42414,A
43183,A
48451,A
12639,A
42878,A
12218,A
12581,A
48087,A
2353,A
24144,A
10142,A
48471,A
5416,A
19982,A
50180,A
1527,A
24037,A
24038,A
53881,A
53860,A
53868,A
24059,A
5,A
4,A
9321,A
53939,A
9324,A
39765,A
39770,A
39763,A
39795,A
39775,A
39776,A
15742,A
15751,A
15733,A
15734,A
15764,A
15766,A
15771,A
15673,A
15682,A
15685,A
15658,A
15666,A
39842,A
39821,A
39825,A
39826,A
2680,A
2686,A
2666,A
2667,A
39866,A
39906,A
2698,A
2693,A
2676,A
15716,A
15717,A
15772,A
15752,A
15760,A
15761,A
15740,A
39701,A
39675,A
39664,A
39671,A
39654,A
39656,A
39731,A
39717,A
39710,A
15789,A
15777,A
15778,A
15779,A
39728,A
39729,A
15809,A
40055,A
40024,A
40026,A
15606,A
39943,A
39923,A
15727,A
15642,A
39946,A
39951,A
39934,A
39936,A
39939,A
15671,A
15647,A
15652,A
15624,A
39963,A
15813,A
15797,A
15804,A
39601,A
2713,A
39596,A
15855,A
15824,A
39630,A
39617,A
39619,A
39626,A
7642,A
7628,A
7630,A
39640,A
7673,A
7660,A
7665,A
7682,A
7683,A
7691,A
15586,A
40013,A
15595,A
15598,A
15601,A
40067,A
40051,A
40052,A
39641,A
39642,A
39646,A
7633,A
39546,A
39518,A
39519,A
39525,A
39514,A
39497,A
39574,A
39556,A
39560,A
39531,A
7646,A
15830,A
39582,A
15851,A
15833,A
15837,A
15838,A
15840,A
39450,A
39454,A
39405,A
39401,A
39380,A
39485,A
39471,A
39472,A
39473,A
39474,A
15899,A
15876,A
15880,A
15869,A
39492,A
39499,A
15903,A
40163,A
40153,A
40072,A
40078,A
40063,A
40065,A
40066,A
40106,A
40109,A
40088,A
40092,A
40070,A
15576,A
15577,A
7654,A
15574,A
7672,A
15896,A
2768,A
2755,A
2759,A
2761,A
15932,A
15910,A
15921,A
39339,A
39331,A
39316,A
15935,A
15924,A
15925,A
39362,A
39364,A
15514,A
15495,A
15529,A
2650,A
2653,A
2657,A
2639,A
2631,A
40134,A
15533,A
15534,A
15541,A
15523,A
15524,A
15526,A
15528,A
15556,A
15546,A
15553,A
40160,A
39356,A
15942,A
39288,A
39291,A
39267,A
39270,A
39263,A
39264,A
15967,A
15969,A
7572,A
15954,A
15958,A
15960,A
39299,A
7596,A
7601,A
7603,A
7583,A
7588,A
15965,A
15966,A
2752,A
39302,A
39303,A
39307,A
39179,A
39171,A
39174,A
39175,A
39160,A
39166,A
39204,A
39213,A
39195,A
39196,A
39197,A
39199,A
15982,A
15985,A
15987,A
15990,A
39252,A
39238,A
39241,A
40322,A
7724,A
7726,A
40218,A
40194,A
40181,A
40184,A
40167,A
40235,A
40221,A
40222,A
40225,A
40227,A
15508,A
15483,A
15474,A
15510,A
39243,A
16017,A
15997,A
39144,A
39128,A
39131,A
39135,A
39120,A
16019,A
16021,A
16023,A
16040,A
16042,A
16032,A
16033,A
16034,A
16050,A
40409,A
15447,A
40266,A
40257,A
40259,A
40242,A
7692,A
40308,A
40311,A
40301,A
40262,A
7729,A
7713,A
7703,A
7704,A
7707,A
7708,A
7709,A
40325,A
40339,A
16057,A
16059,A
39045,A
39050,A
2817,A
2818,A
2791,A
2792,A
16069,A
39093,A
39096,A
39098,A
39085,A
39075,A
16086,A
16093,A
16075,A
16080,A
16067,A
39117,A
39118,A
39119,A
16101,A
39003,A
38988,A
38993,A
38976,A
16149,A
16117,A
16120,A
16121,A
16112,A
16113,A
7551,A
7552,A
7557,A
7560,A
7543,A
7549,A
16116,A
2793,A
2799,A
15391,A
15377,A
40396,A
40374,A
40359,A
40341,A
40343,A
40348,A
15429,A
15407,A
15409,A
15410,A
15411,A
40403,A
15436,A
15437,A
15439,A
15446,A
15416,A
15424,A
40406,A
2801,A
2789,A
39020,A
39021,A
38953,A
38940,A
38941,A
38936,A
7571,A
38955,A
38959,A
38951,A
16147,A
16127,A
16134,A
16135,A
16136,A
16137,A
16160,A
16139,A
16140,A
16142,A
38850,A
38851,A
38853,A
38843,A
38858,A
16193,A
16196,A
16169,A
16171,A
38920,A
15348,A
15350,A
15324,A
40422,A
2617,A
2623,A
2607,A
2608,A
2611,A
2612,A
2588,A
40461,A
40439,A
40423,A
40418,A
40421,A
40544,A
40508,A
40500,A
40501,A
40505,A
40475,A
40458,A
15401,A
38905,A
38906,A
38907,A
16200,A
16201,A
38791,A
38782,A
38784,A
38785,A
38772,A
16234,A
16226,A
16218,A
38806,A
16244,A
16245,A
16247,A
16230,A
38823,A
40679,A
40680,A
40579,A
40604,A
40583,A
40585,A
40586,A
40587,A
2586,A
15327,A
15333,A
15316,A
15319,A
15323,A
40603,A
40628,A
38809,A
38817,A
2823,A
38665,A
38706,A
38712,A
38698,A
38700,A
2857,A
38749,A
38742,A
38723,A
38774,A
16287,A
15264,A
15266,A
15269,A
15270,A
40653,A
40656,A
40657,A
40639,A
40640,A
40643,A
15287,A
15291,A
15292,A
15293,A
7769,A
7770,A
15281,A
15305,A
15306,A
15307,A
15309,A
15296,A
15299,A
15300,A
40675,A
16273,A
16277,A
16265,A
16266,A
16301,A
38620,A
38603,A
16316,A
16297,A
16300,A
16339,A
16341,A
16342,A
16345,A
16322,A
38675,A
40875,A
15257,A
40742,A
40702,A
40690,A
40683,A
40807,A
40777,A
40779,A
40844,A
40839,A
40826,A
40819,A
15274,A
38647,A
38651,A
38539,A
38542,A
38532,A
38534,A
38522,A
38572,A
38573,A
38574,A
38564,A
38560,A
16356,A
7504,A
16352,A
7526,A
15209,A
15205,A
15186,A
40854,A
7762,A
2535,A
2522,A
15243,A
15246,A
15247,A
15248,A
15236,A
40893,A
40876,A
2541,A
7515,A
7519,A
2886,A
2889,A
2892,A
16439,A
38438,A
38413,A
38414,A
38420,A
16364,A
38514,A
15138,A
40921,A
40922,A
40926,A
40916,A
40888,A
40891,A
40982,A
40986,A
40967,A
40959,A
40932,A
15191,A
15162,A
15165,A
40980,A
41010,A
16401,A
16402,A
16404,A
16386,A
38374,A
38352,A
38365,A
38341,A
7467,A
38397,A
38398,A
38372,A
16415,A
2885,A
38411,A
2867,A
38408,A
16441,A
7780,A
41051,A
41013,A
41019,A
41004,A
41123,A
41115,A
41058,A
41062,A
15125,A
2482,A
2485,A
15152,A
15158,A
16432,A
16419,A
16406,A
16412,A
16413,A
38290,A
38292,A
38293,A
38328,A
38329,A
38310,A
38316,A
7451,A
16452,A
16454,A
16455,A
15087,A
15091,A
15071,A
15062,A
41154,A
41126,A
41202,A
41179,A
41181,A
41182,A
41172,A
41178,A
15117,A
15121,A
15103,A
41225,A
41229,A
41230,A
7459,A
7462,A
2912,A
38247,A
38238,A
38226,A
38232,A
2917,A
2922,A
2925,A
2905,A
16485,A
16477,A
16465,A
38281,A
2938,A
41488,A
41475,A
41239,A
41252,A
41238,A
41224,A
41309,A
41318,A
41319,A
41284,A
41374,A
41392,A
41365,A
41352,A
41347,A
41331,A
15098,A
15102,A
15080,A
38254,A
16490,A
16496,A
38170,A
38155,A
38143,A
38148,A
38138,A
16499,A
16506,A
38184,A
16536,A
16518,A
38225,A
38193,A
41564,A
2443,A
2437,A
15022,A
15027,A
41453,A
2459,A
15048,A
15054,A
15029,A
15030,A
15014,A
41485,A
16539,A
16543,A
38116,A
38082,A
16565,A
16551,A
16553,A
16559,A
38107,A
38108,A
16584,A
16585,A
16587,A
16572,A
16574,A
38140,A
38133,A
7821,A
7823,A
7807,A
7808,A
41524,A
41506,A
41509,A
41502,A
14965,A
14966,A
7843,A
14955,A
14957,A
41532,A
14990,A
14997,A
14999,A
14973,A
14963,A
14964,A
41586,A
41587,A
38123,A
16578,A
16581,A
38009,A
38012,A
38002,A
38049,A
38037,A
38038,A
38040,A
16591,A
16594,A
38071,A
7422,A
7425,A
7404,A
7407,A
7408,A
7409,A
37950,A
37952,A
37923,A
16672,A
37976,A
37977,A
2947,A
37959,A
16617,A
2965,A
2967,A
2975,A
37978,A
14928,A
14931,A
14932,A
14918,A
2411,A
2413,A
41580,A
41581,A
41585,A
41619,A
41608,A
2424,A
2428,A
2416,A
2423,A
7811,A
14945,A
14947,A
41638,A
7817,A
37980,A
16638,A
16639,A
37768,A
37770,A
37758,A
37760,A
37837,A
37821,A
37822,A
37825,A
37826,A
37791,A
37782,A
37887,A
37891,A
37858,A
37848,A
16677,A
16679,A
14882,A
14851,A
41682,A
41686,A
41689,A
7828,A
41743,A
41711,A
14906,A
41754,A
41758,A
14921,A
14927,A
16663,A
16649,A
16654,A
37685,A
37669,A
37652,A
16772,A
37708,A
37711,A
37695,A
37703,A
37682,A
37744,A
37745,A
37748,A
37724,A
37714,A
37704,A
16731,A
16726,A
16701,A
16708,A
16695,A
16698,A
37741,A
37604,A
37605,A
37613,A
37633,A
37637,A
37638,A
37622,A
2993,A
2994,A
16742,A
37643,A
37648,A
37649,A
16760,A
16744,A
14831,A
14835,A
41792,A
41794,A
41779,A
41781,A
41769,A
14939,A
14941,A
41833,A
41834,A
41808,A
41813,A
41790,A
14858,A
14861,A
41851,A
41848,A
14892,A
14893,A
14894,A
16748,A
16736,A
16739,A
37552,A
37520,A
37495,A
16778,A
16783,A
37572,A
37564,A
37568,A
37553,A
16823,A
16809,A
16791,A
16795,A
37614,A
37589,A
37592,A
41986,A
41988,A
14802,A
14805,A
2379,A
2381,A
2383,A
2368,A
2372,A
2365,A
41907,A
41915,A
2384,A
2385,A
2388,A
14812,A
14816,A
14817,A
14849,A
16817,A
16818,A
16822,A
3011,A
37467,A
3030,A
3024,A
3028,A
3017,A
3018,A
37485,A
16838,A
16840,A
16825,A
16826,A
16830,A
16833,A
37497,A
37498,A
7869,A
7874,A
41961,A
41939,A
41944,A
41945,A
41931,A
7877,A
14783,A
41967,A
41968,A
14809,A
14810,A
14796,A
14787,A
14790,A
41992,A
3038,A
7394,A
7376,A
37392,A
37360,A
37363,A
37429,A
37431,A
37433,A
37409,A
37411,A
16850,A
7396,A
37438,A
37464,A
37452,A
16867,A
16857,A
37264,A
37259,A
37261,A
37238,A
37239,A
37322,A
37325,A
37301,A
37283,A
37263,A
16886,A
16890,A
16885,A
37349,A
37350,A
14734,A
14715,A
14723,A
14724,A
42030,A
42011,A
42012,A
42015,A
42001,A
42009,A
41989,A
14763,A
42067,A
42048,A
42054,A
42036,A
42038,A
7853,A
7857,A
7858,A
7860,A
14757,A
14762,A
42070,A
42080,A
7863,A
16894,A
16897,A
16902,A
16904,A
3067,A
3045,A
37182,A
16994,A
16999,A
3072,A
3075,A
3078,A
3055,A
3064,A
3066,A
16927,A
16929,A
16934,A
16918,A
16919,A
16944,A
37090,A
37091,A
37060,A
37051,A
37055,A
37039,A
37040,A
37140,A
37126,A
37119,A
37101,A
16982,A
16970,A
16971,A
16972,A
37139,A
17000,A
14675,A
42083,A
42085,A
2355,A
2356,A
2341,A
2324,A
2331,A
42126,A
42133,A
42092,A
42168,A
42170,A
42171,A
42158,A
42162,A
42147,A
14753,A
14726,A
14732,A
16993,A
16973,A
16974,A
36969,A
3113,A
3118,A
3110,A
36946,A
37010,A
37017,A
37002,A
37004,A
17011,A
17013,A
37033,A
37034,A
37022,A
37024,A
37046,A
42349,A
14658,A
14659,A
14645,A
42213,A
42197,A
42202,A
42195,A
42196,A
42271,A
42253,A
42237,A
42227,A
42231,A
14676,A
14684,A
14664,A
14665,A
42258,A
42284,A
14699,A
14704,A
7340,A
7344,A
17018,A
17007,A
36865,A
36837,A
36838,A
36839,A
36927,A
36928,A
36916,A
36913,A
36881,A
7363,A
17026,A
36937,A
36926,A
17064,A
17067,A
17069,A
14595,A
2312,A
42340,A
42307,A
42316,A
42330,A
42290,A
42294,A
14633,A
14624,A
14629,A
42359,A
42345,A
17057,A
17032,A
17033,A
7360,A
36804,A
36797,A
17153,A
17085,A
17077,A
36799,A
36800,A
17123,A
17099,A
17100,A
17102,A
17106,A
36831,A
36833,A
14576,A
42407,A
42408,A
42372,A
42360,A
42370,A
42461,A
42464,A
42422,A
42405,A
14598,A
14587,A
7913,A
42467,A
42457,A
2245,A
42484,A
36820,A
36812,A
36684,A
36652,A
36653,A
36720,A
36716,A
36688,A
36692,A
17129,A
36736,A
36728,A
36731,A
17158,A
14560,A
14550,A
42519,A
2253,A
2255,A
2258,A
42549,A
42520,A
42522,A
42523,A
14577,A
14581,A
42546,A
7897,A
14583,A
17145,A
17148,A
17137,A
3126,A
36567,A
36557,A
36628,A
36613,A
36614,A
3154,A
3158,A
17174,A
17178,A
17166,A
17171,A
36622,A
36627,A
36635,A
17193,A
2240,A
7938,A
7945,A
42601,A
42572,A
42583,A
42564,A
42554,A
42627,A
42614,A
42609,A
42610,A
42593,A
14532,A
14534,A
14535,A
14518,A
42651,A
17200,A
17184,A
17185,A
36416,A
17219,A
7299,A
7302,A
17209,A
36493,A
36475,A
7323,A
7324,A
7306,A
17215,A
14480,A
14483,A
14484,A
42681,A
42683,A
42654,A
2221,A
7925,A
7921,A
14504,A
14506,A
42695,A
36532,A
36533,A
36387,A
36390,A
36377,A
36369,A
17301,A
17228,A
7328,A
7331,A
36396,A
36382,A
17250,A
17253,A
17236,A
17237,A
17247,A
36420,A
36413,A
36401,A
36404,A
36407,A
3170,A
36340,A
36347,A
36338,A
36313,A
3196,A
3200,A
3178,A
3180,A
3169,A
17281,A
17270,A
17272,A
3189,A
17305,A
17308,A
17310,A
17295,A
17296,A
17275,A
17277,A
36283,A
36288,A
36276,A
36256,A
36244,A
36222,A
36229,A
36299,A
36300,A
36304,A
36289,A
36292,A
36282,A
17323,A
17330,A
17312,A
17321,A
36298,A
36305,A
36309,A
36311,A
42907,A
42910,A
42891,A
42899,A
42900,A
42745,A
42751,A
42741,A
42730,A
42731,A
42781,A
42786,A
42788,A
42790,A
42755,A
14451,A
14461,A
42819,A
42798,A
42800,A
14489,A
14501,A
14478,A
17352,A
17353,A
17335,A
36182,A
36186,A
17381,A
17368,A
17373,A
17355,A
17356,A
17382,A
17387,A
17388,A
17376,A
17377,A
36210,A
14383,A
14386,A
14390,A
42866,A
42853,A
42857,A
42829,A
42830,A
14426,A
14410,A
42886,A
14428,A
14430,A
42923,A
42904,A
42905,A
36206,A
36187,A
36190,A
36055,A
36042,A
36029,A
36030,A
36089,A
36112,A
36077,A
36062,A
36049,A
7274,A
17398,A
17410,A
36135,A
36113,A
36115,A
36117,A
7279,A
7280,A
7989,A
7990,A
42953,A
42931,A
42934,A
42935,A
42936,A
42915,A
2188,A
42954,A
2176,A
2181,A
42938,A
7991,A
14359,A
14363,A
2200,A
14393,A
7272,A
7273,A
3215,A
3217,A
3223,A
3204,A
17418,A
7292,A
36017,A
36018,A
17446,A
17447,A
17430,A
17432,A
17415,A
36035,A
36019,A
36020,A
3243,A
36015,A
35934,A
35920,A
35924,A
35916,A
17547,A
17549,A
35966,A
35969,A
35970,A
35959,A
35928,A
35931,A
35932,A
17464,A
35990,A
35982,A
17496,A
17500,A
14317,A
14318,A
14319,A
14321,A
42977,A
42962,A
42955,A
42958,A
43025,A
43026,A
43003,A
42975,A
7958,A
7963,A
14354,A
43089,A
43051,A
17490,A
17481,A
35747,A
35749,A
35799,A
35825,A
35790,A
35763,A
35764,A
17512,A
17513,A
17515,A
35865,A
35873,A
35858,A
17550,A
17536,A
14298,A
14276,A
14277,A
43091,A
43093,A
43096,A
43085,A
43087,A
43135,A
43126,A
43129,A
43116,A
43101,A
43103,A
43143,A
43144,A
43131,A
14325,A
14326,A
17517,A
17519,A
17522,A
17526,A
3259,A
3263,A
3249,A
3253,A
3254,A
35713,A
35695,A
35697,A
3281,A
17599,A
17592,A
17561,A
35712,A
35751,A
35734,A
35739,A
35730,A
35731,A
35718,A
35656,A
35631,A
35636,A
35627,A
17608,A
35659,A
35660,A
35650,A
35652,A
7236,A
7225,A
7226,A
7228,A
17606,A
35677,A
7240,A
7242,A
14260,A
14246,A
14250,A
43185,A
43171,A
43174,A
14343,A
14336,A
14273,A
43210,A
43213,A
43200,A
43201,A
43202,A
43204,A
14280,A
14282,A
14268,A
14270,A
14271,A
14272,A
14286,A
14293,A
7243,A
7246,A
7231,A
17617,A
35589,A
35594,A
35561,A
35563,A
35552,A
17641,A
17645,A
17627,A
17629,A
17635,A
7263,A
35605,A
35606,A
35610,A
35597,A
35602,A
35603,A
35628,A
35630,A
14215,A
14219,A
14203,A
43238,A
43240,A
43224,A
43219,A
43222,A
14285,A
2150,A
2141,A
43257,A
43237,A
14252,A
14232,A
2160,A
43266,A
35604,A
35448,A
35441,A
35424,A
17674,A
35508,A
35509,A
35513,A
35488,A
17698,A
17683,A
17687,A
17690,A
17664,A
35558,A
43431,A
43334,A
43309,A
43291,A
43359,A
43337,A
43324,A
14188,A
14194,A
14183,A
43370,A
35548,A
35550,A
35384,A
35372,A
35362,A
35365,A
7197,A
7199,A
17730,A
17735,A
35380,A
35381,A
7206,A
7211,A
7189,A
7196,A
8003,A
8006,A
8009,A
8023,A
8024,A
14143,A
14144,A
14145,A
43388,A
14163,A
14148,A
14150,A
14152,A
14154,A
14158,A
43433,A
43420,A
43421,A
14175,A
43444,A
43447,A
35392,A
35395,A
3287,A
35344,A
35340,A
3307,A
3294,A
17759,A
17742,A
17744,A
17748,A
7213,A
35357,A
17766,A
17768,A
17757,A
35281,A
35284,A
35274,A
17852,A
17855,A
17795,A
35288,A
35290,A
35291,A
35292,A
17811,A
17802,A
17805,A
17788,A
17790,A
17791,A
17793,A
35309,A
14115,A
14117,A
14099,A
2099,A
43451,A
43436,A
43443,A
14138,A
2125,A
2118,A
8011,A
7995,A
7997,A
7998,A
7999,A
14132,A
14134,A
8015,A
35298,A
35300,A
35301,A
3348,A
3349,A
3345,A
3326,A
35145,A
35140,A
3358,A
35249,A
35234,A
35207,A
35210,A
35201,A
17834,A
43649,A
14064,A
14071,A
43467,A
43471,A
43472,A
8013,A
8014,A
43550,A
43511,A
43517,A
43494,A
14105,A
14107,A
14096,A
43561,A
14112,A
14113,A
17823,A
17828,A
17829,A
34972,A
34960,A
34961,A
34964,A
34969,A
35013,A
34996,A
35006,A
34971,A
7165,A
17880,A
17881,A
7149,A
17869,A
17870,A
35026,A
35030,A
35031,A
14034,A
14038,A
43603,A
43573,A
43579,A
14110,A
43632,A
43636,A
43629,A
43630,A
43614,A
43616,A
43602,A
14072,A
14051,A
14054,A
14048,A
43646,A
43648,A
7169,A
7170,A
7176,A
34865,A
3380,A
3373,A
7182,A
17888,A
34908,A
34880,A
34883,A
17918,A
17912,A
17895,A
34931,A
13986,A
13964,A
13954,A
2075,A
2082,A
2083,A
2066,A
2067,A
2085,A
2087,A
2089,A
2092,A
2093,A
14027,A
14002,A
14003,A
14004,A
43693,A
43700,A
34932,A
34933,A
17914,A
17915,A
34851,A
34838,A
34839,A
34840,A
34830,A
17935,A
17939,A
17923,A
17926,A
17930,A
17950,A
3361,A
34858,A
34861,A
17952,A
17959,A
17960,A
34778,A
34780,A
34782,A
34770,A
34774,A
34775,A
34777,A
34812,A
34806,A
34792,A
18002,A
18009,A
17993,A
17984,A
17969,A
34831,A
34818,A
13941,A
43737,A
43743,A
43731,A
43735,A
43709,A
43794,A
43776,A
43769,A
43771,A
43749,A
13958,A
13960,A
43808,A
43796,A
13991,A
13992,A
34819,A
34820,A
17999,A
34712,A
34718,A
34720,A
34701,A
18074,A
18015,A
18018,A
34733,A
7120,A
7123,A
34765,A
34769,A
13916,A
8036,A
43826,A
43816,A
43817,A
13990,A
2039,A
2034,A
43865,A
43848,A
13927,A
13934,A
2053,A
13953,A
13937,A
34756,A
34758,A
34605,A
34597,A
34604,A
34578,A
34642,A
34634,A
34620,A
34625,A
34668,A
34672,A
34667,A
18039,A
13889,A
13890,A
13891,A
13882,A
43912,A
2061,A
13946,A
44014,A
44017,A
43992,A
44065,A
44030,A
44031,A
44095,A
8044,A
18041,A
18044,A
7141,A
34521,A
34509,A
3436,A
34527,A
34520,A
18093,A
18094,A
18096,A
18097,A
18080,A
18084,A
34544,A
13845,A
13849,A
13852,A
13832,A
2028,A
2017,A
1999,A
44094,A
44124,A
44126,A
2025,A
2026,A
13883,A
13866,A
13873,A
44134,A
44163,A
44169,A
18118,A
18102,A
18089,A
18139,A
18148,A
18120,A
18127,A
18132,A
18171,A
18173,A
18163,A
34492,A
34476,A
34478,A
34481,A
34469,A
34473,A
34506,A
34486,A
44291,A
44293,A
44295,A
44183,A
44186,A
44173,A
44180,A
44160,A
44235,A
44229,A
44213,A
44200,A
13833,A
13823,A
13824,A
13825,A
13811,A
13815,A
34488,A
34489,A
34491,A
34352,A
34341,A
34345,A
34332,A
34323,A
18181,A
18187,A
34451,A
34438,A
34419,A
7087,A
18191,A
18192,A
7075,A
7078,A
18180,A
7092,A
7096,A
34286,A
34236,A
34239,A
34240,A
34241,A
18206,A
7107,A
7108,A
18194,A
34283,A
18208,A
18214,A
18220,A
18202,A
18204,A
34287,A
8113,A
8093,A
8096,A
13786,A
8114,A
13770,A
13774,A
13777,A
44287,A
44290,A
13797,A
13800,A
13782,A
13784,A
13804,A
13808,A
13790,A
13791,A
13795,A
44304,A
44306,A
34290,A
18223,A
18239,A
18240,A
34183,A
34184,A
34187,A
18259,A
18262,A
34225,A
34215,A
34216,A
18271,A
34242,A
34227,A
13730,A
44497,A
44485,A
44468,A
44337,A
44326,A
44314,A
13765,A
1979,A
1975,A
1978,A
44332,A
44336,A
8100,A
8102,A
13768,A
8087,A
13759,A
44355,A
1991,A
34230,A
34220,A
34151,A
34126,A
34127,A
3468,A
18302,A
18278,A
18279,A
18282,A
34158,A
34161,A
18306,A
18309,A
18313,A
18314,A
18315,A
18300,A
34173,A
34176,A
13698,A
13700,A
44384,A
44385,A
44371,A
44375,A
44378,A
44361,A
44428,A
44411,A
44397,A
44398,A
44401,A
44469,A
44453,A
44456,A
44434,A
13734,A
13741,A
34177,A
34099,A
34100,A
34087,A
34088,A
34092,A
34082,A
3437,A
3445,A
34097,A
18333,A
18320,A
18325,A
18326,A
18355,A
18339,A
34015,A
34017,A
34019,A
34007,A
33995,A
33997,A
33999,A
34056,A
34057,A
34044,A
34033,A
34026,A
34029,A
7035,A
7038,A
18373,A
34073,A
34074,A
34058,A
44632,A
13663,A
13667,A
44514,A
44520,A
13748,A
13749,A
13679,A
44550,A
44544,A
44545,A
44532,A
13701,A
13682,A
13684,A
13688,A
13670,A
13671,A
13676,A
13710,A
13711,A
7060,A
7063,A
7068,A
33957,A
33931,A
33918,A
33919,A
18389,A
33977,A
33978,A
33979,A
33980,A
33961,A
33962,A
18407,A
18411,A
18393,A
18399,A
7069,A
7070,A
33988,A
13605,A
44570,A
44580,A
44561,A
44563,A
44567,A
44569,A
44618,A
44606,A
44607,A
44597,A
13634,A
13626,A
44641,A
44631,A
18412,A
18413,A
18403,A
33892,A
33878,A
33857,A
33862,A
18441,A
18443,A
18424,A
18432,A
18433,A
33906,A
18460,A
18468,A
18450,A
18459,A
33910,A
33912,A
33903,A
33904,A
3500,A
3502,A
3485,A
3486,A
3488,A
33822,A
18486,A
18487,A
18475,A
18476,A
3493,A
18510,A
18500,A
18502,A
18483,A
33864,A
33849,A
33854,A
44781,A
44674,A
44676,A
44682,A
44660,A
44661,A
44655,A
1937,A
44704,A
44705,A
44711,A
44696,A
44684,A
13597,A
8142,A
8149,A
1943,A
1927,A
13620,A
13621,A
33855,A
33826,A
18505,A
33788,A
33790,A
33792,A
33782,A
33786,A
33763,A
18531,A
18521,A
18522,A
33806,A
18543,A
18525,A
3475,A
13547,A
13548,A
13549,A
44735,A
1953,A
13572,A
13573,A
13566,A
44750,A
44753,A
44756,A
44759,A
44763,A
8127,A
8134,A
8137,A
8139,A
8122,A
44789,A
44790,A
33817,A
18547,A
33691,A
33659,A
33643,A
33647,A
33636,A
33638,A
33762,A
33722,A
33727,A
33701,A
33703,A
7009,A
18571,A
18572,A
18562,A
33764,A
33765,A
7017,A
13509,A
13511,A
13514,A
44798,A
44803,A
44804,A
44848,A
44849,A
44836,A
44839,A
44817,A
13539,A
13520,A
13530,A
44890,A
44873,A
13558,A
13545,A
7021,A
7025,A
6989,A
33585,A
33567,A
33570,A
33628,A
33629,A
33634,A
33617,A
33618,A
33614,A
18589,A
7030,A
7032,A
18577,A
33639,A
33641,A
18607,A
18615,A
18581,A
33540,A
33533,A
33536,A
33529,A
33508,A
3548,A
3530,A
3526,A
33548,A
33555,A
18644,A
18649,A
18637,A
18620,A
18621,A
3541,A
3549,A
33559,A
8187,A
8165,A
1882,A
1886,A
44895,A
44896,A
44909,A
1897,A
1899,A
1905,A
1895,A
44951,A
44915,A
44968,A
18654,A
18656,A
18658,A
18666,A
33379,A
33381,A
33366,A
33374,A
33446,A
33452,A
33453,A
33414,A
33417,A
33419,A
18687,A
18667,A
18673,A
18676,A
33454,A
33460,A
18709,A
18710,A
13453,A
13457,A
44981,A
13471,A
45028,A
45013,A
45014,A
45005,A
44988,A
8166,A
8174,A
13476,A
8151,A
8157,A
13466,A
13468,A
45053,A
45032,A
18681,A
18682,A
33336,A
33337,A
33321,A
33323,A
33310,A
18716,A
18717,A
33345,A
33346,A
18746,A
18737,A
18741,A
18724,A
18727,A
33361,A
33351,A
13420,A
13421,A
13403,A
1853,A
45057,A
1844,A
45047,A
45050,A
45052,A
13423,A
13427,A
13430,A
13460,A
13465,A
13444,A
45070,A
33357,A
18742,A
3566,A
3561,A
3562,A
33261,A
33294,A
33295,A
33282,A
33283,A
3588,A
18768,A
18769,A
18770,A
18773,A
18792,A
18777,A
18778,A
18780,A
33189,A
33181,A
33177,A
33178,A
33160,A
33227,A
33228,A
33200,A
33201,A
33203,A
6972,A
6954,A
6957,A
6958,A
33249,A
6977,A
6978,A
13370,A
13343,A
13346,A
45126,A
45131,A
45115,A
45085,A
45086,A
45088,A
45173,A
45178,A
45162,A
45166,A
13389,A
13371,A
13372,A
13384,A
45181,A
45170,A
45204,A
6963,A
6964,A
6965,A
6966,A
33145,A
33129,A
33133,A
33136,A
33121,A
33124,A
6986,A
33151,A
18841,A
18827,A
18831,A
33165,A
18855,A
18836,A
18837,A
3592,A
33025,A
33029,A
33008,A
18944,A
18952,A
3619,A
3606,A
18881,A
18859,A
18860,A
18863,A
18864,A
18866,A
33114,A
33101,A
18899,A
13320,A
13307,A
13297,A
45227,A
45232,A
45223,A
45207,A
45213,A
45198,A
45199,A
13324,A
45276,A
45250,A
45239,A
45243,A
45244,A
13347,A
13349,A
13353,A
13335,A
13339,A
13321,A
13355,A
13357,A
13358,A
18885,A
18890,A
32954,A
32966,A
32944,A
32937,A
32939,A
32993,A
32984,A
32968,A
18901,A
18902,A
18905,A
18910,A
32995,A
32988,A
32991,A
18931,A
13275,A
45337,A
45329,A
45296,A
45287,A
45289,A
45290,A
45395,A
45375,A
45377,A
45363,A
13300,A
13280,A
13287,A
45390,A
45392,A
13312,A
13314,A
18916,A
18917,A
18922,A
18924,A
32911,A
32896,A
32885,A
32886,A
18956,A
18958,A
18961,A
32915,A
32903,A
6914,A
18954,A
45506,A
45507,A
1823,A
1810,A
1811,A
45404,A
45406,A
45407,A
13311,A
45449,A
1826,A
1814,A
1822,A
13241,A
45443,A
45445,A
45452,A
45453,A
6918,A
6926,A
32820,A
3666,A
3667,A
3662,A
3644,A
32807,A
32855,A
32859,A
32850,A
32851,A
32825,A
13195,A
13202,A
45482,A
45468,A
45471,A
45459,A
45465,A
8198,A
8205,A
8206,A
13230,A
8235,A
8196,A
45488,A
19003,A
32752,A
32754,A
32758,A
32759,A
32692,A
32742,A
32774,A
32777,A
19029,A
19034,A
32789,A
32792,A
32797,A
13178,A
13179,A
13180,A
13163,A
45575,A
45569,A
45552,A
45535,A
45522,A
45617,A
45618,A
45622,A
13192,A
13194,A
45662,A
1797,A
13219,A
13220,A
19036,A
19046,A
19048,A
32646,A
32650,A
32638,A
32628,A
32629,A
32614,A
32663,A
32664,A
32654,A
32662,A
6887,A
19076,A
19083,A
6879,A
32683,A
32684,A
13132,A
13133,A
13134,A
13117,A
45729,A
45712,A
45688,A
45694,A
45770,A
45772,A
45756,A
45739,A
13155,A
13156,A
13145,A
45776,A
13176,A
32680,A
32681,A
32500,A
3698,A
3702,A
32535,A
32540,A
32530,A
32531,A
32534,A
19095,A
19084,A
19088,A
32573,A
32591,A
19115,A
8253,A
8258,A
8259,A
13100,A
8248,A
45801,A
45802,A
45811,A
45789,A
45790,A
45844,A
45829,A
45830,A
13106,A
13107,A
13110,A
13115,A
8271,A
1726,A
19124,A
19105,A
19106,A
19132,A
19135,A
19142,A
19143,A
3675,A
19162,A
19163,A
19165,A
19146,A
19149,A
3686,A
3687,A
13081,A
13088,A
13076,A
1754,A
1737,A
1741,A
1730,A
1731,A
1736,A
45874,A
45914,A
45899,A
45890,A
1747,A
45947,A
45927,A
45929,A
45910,A
8268,A
8270,A
8250,A
32497,A
3673,A
32361,A
32368,A
32388,A
32392,A
32379,A
19181,A
19169,A
32419,A
32421,A
32452,A
13028,A
13047,A
45987,A
45970,A
45972,A
45976,A
45978,A
45960,A
45962,A
8263,A
46029,A
46015,A
45990,A
13064,A
13070,A
13052,A
13056,A
46055,A
46040,A
19192,A
19194,A
19195,A
32335,A
32317,A
32295,A
32276,A
32351,A
32339,A
32342,A
32326,A
32328,A
19228,A
19207,A
32360,A
12989,A
12978,A
46084,A
46062,A
46051,A
13002,A
46132,A
46115,A
46099,A
46100,A
13025,A
13026,A
13008,A
13010,A
13015,A
12993,A
46150,A
46156,A
46143,A
19234,A
19241,A
19221,A
32198,A
3727,A
3715,A
32224,A
32205,A
32206,A
32211,A
19264,A
19257,A
19262,A
32261,A
32274,A
12912,A
12913,A
12915,A
12917,A
12919,A
1695,A
46168,A
46171,A
46172,A
46176,A
46146,A
1712,A
46179,A
1694,A
12959,A
12962,A
1708,A
6861,A
6849,A
6852,A
19263,A
32130,A
32132,A
32135,A
32121,A
32107,A
32171,A
32172,A
32174,A
32162,A
19272,A
19277,A
19281,A
6867,A
32193,A
19296,A
19301,A
19305,A
19283,A
31966,A
31972,A
31922,A
31926,A
31929,A
31915,A
32048,A
32049,A
32043,A
32033,A
31974,A
19316,A
32091,A
32087,A
32080,A
32061,A
32104,A
19337,A
19340,A
8308,A
46192,A
46193,A
46197,A
46198,A
46204,A
1724,A
46186,A
46249,A
46228,A
46232,A
46233,A
46222,A
46223,A
46206,A
12920,A
12921,A
12922,A
46267,A
46237,A
46247,A
19343,A
19329,A
19336,A
19312,A
3778,A
3779,A
3781,A
3782,A
3785,A
31886,A
31863,A
31868,A
31870,A
31871,A
19375,A
19355,A
31903,A
8279,A
12859,A
46312,A
46288,A
46291,A
46281,A
1667,A
1670,A
46367,A
46331,A
46334,A
12874,A
12880,A
1678,A
1684,A
1663,A
12882,A
31898,A
31814,A
31806,A
31790,A
31843,A
31829,A
31832,A
19402,A
19403,A
19408,A
19396,A
31860,A
12814,A
46408,A
46385,A
46387,A
46391,A
46368,A
46453,A
46456,A
46426,A
46431,A
46433,A
46435,A
12863,A
46479,A
19412,A
19414,A
31691,A
31679,A
31685,A
31749,A
31739,A
19461,A
19446,A
19451,A
31767,A
31755,A
12768,A
12776,A
46542,A
46544,A
46524,A
46527,A
46531,A
46569,A
46570,A
46575,A
1632,A
46579,A
46580,A
46583,A
46568,A
12835,A
12842,A
31758,A
31762,A
19457,A
31622,A
31604,A
19518,A
31655,A
31626,A
31632,A
31616,A
19483,A
19462,A
19464,A
19468,A
6812,A
8337,A
8340,A
8344,A
46638,A
46624,A
46607,A
12846,A
46691,A
46668,A
46651,A
46639,A
46644,A
46645,A
46648,A
46718,A
46719,A
46706,A
12784,A
12786,A
6798,A
6799,A
6803,A
31545,A
31525,A
31504,A
31507,A
31587,A
31558,A
31560,A
31540,A
31542,A
31543,A
6828,A
6830,A
6831,A
3808,A
31581,A
19530,A
19514,A
19515,A
19489,A
31471,A
31455,A
31438,A
31426,A
31487,A
31492,A
31493,A
31477,A
31482,A
31486,A
19548,A
19549,A
19538,A
19539,A
31499,A
46889,A
12726,A
12733,A
46751,A
46757,A
46744,A
46746,A
46728,A
46729,A
46733,A
12797,A
1584,A
1588,A
1590,A
1591,A
46761,A
12758,A
12760,A
12739,A
12750,A
46796,A
8334,A
19557,A
19568,A
3841,A
3844,A
3845,A
31374,A
31379,A
31316,A
6776,A
3868,A
31387,A
3848,A
3849,A
3835,A
3836,A
31411,A
31414,A
31417,A
31403,A
31394,A
31397,A
3867,A
19623,A
19603,A
19605,A
19611,A
19599,A
19585,A
31200,A
31202,A
31186,A
31193,A
31167,A
31170,A
31248,A
31236,A
31227,A
31215,A
31204,A
31205,A
31208,A
6760,A
6762,A
31281,A
31247,A
6777,A
6778,A
6781,A
12688,A
12671,A
12674,A
12676,A
46815,A
46816,A
46798,A
46809,A
46871,A
46862,A
46845,A
46851,A
12723,A
12703,A
12709,A
46866,A
1538,A
6784,A
6786,A
6769,A
3897,A
3875,A
31107,A
31108,A
31156,A
31133,A
31124,A
3903,A
3905,A
6787,A
6788,A
6791,A
6794,A
31147,A
8360,A
8366,A
12621,A
1571,A
46904,A
1556,A
1540,A
1546,A
1547,A
46939,A
46925,A
46906,A
1569,A
12652,A
8399,A
12648,A
12680,A
19650,A
19653,A
19656,A
31037,A
30985,A
30986,A
30990,A
30993,A
30995,A
30970,A
31077,A
31078,A
31068,A
31047,A
19709,A
31093,A
31086,A
31102,A
31103,A
19712,A
19714,A
19717,A
19718,A
30910,A
30893,A
30894,A
30878,A
30879,A
30881,A
19738,A
19723,A
19726,A
30922,A
30924,A
19760,A
19742,A
19743,A
19748,A
30974,A
30955,A
30956,A
12586,A
12587,A
12592,A
12570,A
46997,A
47006,A
46987,A
46972,A
46974,A
46954,A
47041,A
47027,A
47039,A
47019,A
47008,A
47013,A
12626,A
12641,A
47062,A
47053,A
47040,A
8390,A
8354,A
30951,A
30953,A
19754,A
19757,A
30855,A
30845,A
3936,A
30859,A
30866,A
30850,A
19794,A
19777,A
19770,A
30867,A
30875,A
12567,A
12549,A
47096,A
47087,A
47083,A
47075,A
8370,A
47140,A
47141,A
47115,A
47116,A
12575,A
12578,A
12579,A
12580,A
47136,A
12618,A
12601,A
19806,A
19812,A
30798,A
30787,A
30788,A
30765,A
30836,A
3907,A
30830,A
30831,A
30820,A
30807,A
3931,A
3915,A
3917,A
3920,A
30832,A
6746,A
12507,A
12513,A
47161,A
47162,A
1510,A
1512,A
1513,A
47194,A
47197,A
47189,A
47170,A
53668,A
1532,A
12538,A
12544,A
12530,A
12532,A
47216,A
47213,A
19823,A
6720,A
19817,A
19821,A
30643,A
30644,A
19910,A
19911,A
30702,A
30704,A
30685,A
30697,A
30668,A
19845,A
19848,A
19837,A
30726,A
30720,A
8411,A
12480,A
47268,A
47252,A
47253,A
47215,A
47269,A
47273,A
47265,A
12499,A
12501,A
12505,A
12490,A
47294,A
19857,A
19863,A
30565,A
30556,A
30548,A
30614,A
30619,A
30620,A
30601,A
30603,A
19878,A
30634,A
30611,A
19914,A
19916,A
19917,A
19898,A
3978,A
3956,A
3963,A
30493,A
30498,A
19963,A
30531,A
30511,A
3984,A
30503,A
3975,A
19940,A
19919,A
19926,A
19927,A
19930,A
30541,A
12464,A
12454,A
12456,A
47317,A
47299,A
47287,A
47290,A
47324,A
47325,A
47326,A
47327,A
47328,A
12471,A
12473,A
12475,A
47322,A
47338,A
8421,A
30543,A
6694,A
19933,A
30431,A
30424,A
30417,A
30401,A
30402,A
30465,A
30469,A
30442,A
30427,A
19948,A
6713,A
6714,A
6715,A
30476,A
19964,A
19967,A
12409,A
12411,A
12397,A
47345,A
47346,A
47329,A
47333,A
12435,A
47359,A
47361,A
47349,A
47351,A
47354,A
47340,A
12436,A
12441,A
12426,A
12431,A
12432,A
12433,A
19971,A
19973,A
19956,A
19962,A
30298,A
30304,A
30286,A
30289,A
30344,A
30318,A
30306,A
19997,A
19999,A
19977,A
39777,A
19989,A
12361,A
12362,A
12363,A
47412,A
47397,A
47406,A
47386,A
1486,A
1488,A
1491,A
1473,A
1480,A
12400,A
12391,A
47447,A
47418,A
47419,A
12415,A
12419,A
20016,A
20024,A
20005,A
30199,A
30202,A
30203,A
30175,A
30165,A
6667,A
30216,A
30196,A
30198,A
20034,A
3998,A
4005,A
30264,A
3987,A
3990,A
4028,A
20052,A
20039,A
20028,A
30138,A
4063,A
4051,A
4046,A
4048,A
30152,A
30145,A
30149,A
30130,A
30132,A
30135,A
30136,A
6650,A
20084,A
20090,A
20093,A
6670,A
6672,A
47624,A
8485,A
8487,A
47502,A
47506,A
47469,A
47459,A
12413,A
12346,A
47527,A
47535,A
47541,A
47508,A
47511,A
12368,A
12349,A
12352,A
12357,A
12369,A
6662,A
30088,A
30053,A
30113,A
30104,A
30105,A
30106,A
30093,A
30096,A
20111,A
30111,A
4038,A
30121,A
12284,A
12288,A
12291,A
12264,A
12272,A
47582,A
47565,A
47560,A
47563,A
47564,A
47542,A
47607,A
47608,A
47597,A
47590,A
47591,A
12334,A
12336,A
8446,A
47643,A
47634,A
47641,A
20124,A
30037,A
30038,A
30006,A
30008,A
30009,A
30003,A
20225,A
20159,A
20167,A
20146,A
20149,A
20151,A
30030,A
30033,A
20183,A
20184,A
20187,A
20175,A
20176,A
20179,A
30056,A
30061,A
30048,A
30052,A
20181,A
29900,A
29911,A
29890,A
29893,A
29944,A
29945,A
29949,A
29941,A
29931,A
29914,A
29898,A
20197,A
20200,A
29996,A
29997,A
29953,A
29955,A
20226,A
20234,A
12236,A
12238,A
12242,A
12243,A
47696,A
47658,A
47663,A
47642,A
1418,A
1425,A
1429,A
47701,A
47703,A
47690,A
12275,A
1447,A
1451,A
1453,A
1455,A
1439,A
12279,A
12283,A
20217,A
29866,A
29871,A
29872,A
29860,A
29846,A
29848,A
4087,A
4090,A
4092,A
4080,A
4066,A
20252,A
6614,A
20236,A
20238,A
20241,A
6638,A
6639,A
6619,A
6622,A
20250,A
29796,A
29770,A
29758,A
29761,A
20256,A
29811,A
29802,A
29803,A
29795,A
20276,A
20266,A
6642,A
20254,A
29849,A
29836,A
8519,A
8520,A
8530,A
47752,A
47739,A
47740,A
47725,A
47775,A
47780,A
47753,A
47755,A
47759,A
47750,A
8531,A
8533,A
9333,A
12234,A
47783,A
47791,A
47771,A
12252,A
29843,A
29832,A
4127,A
4112,A
4115,A
29729,A
29733,A
29722,A
20305,A
4129,A
4132,A
4138,A
4119,A
20349,A
20350,A
20304,A
29751,A
12204,A
12179,A
12182,A
12177,A
47803,A
47810,A
47792,A
47800,A
12247,A
12214,A
47825,A
47821,A
8507,A
8499,A
8502,A
12207,A
29756,A
4142,A
4143,A
20341,A
20359,A
29695,A
29696,A
29699,A
29689,A
20366,A
20352,A
20356,A
20357,A
20392,A
20396,A
20374,A
20379,A
29724,A
29725,A
29726,A
48019,A
12133,A
47862,A
47922,A
47926,A
47902,A
47895,A
12159,A
12161,A
12164,A
12165,A
12166,A
47920,A
12201,A
29715,A
29716,A
29709,A
29629,A
29617,A
29600,A
29604,A
29610,A
20450,A
20402,A
20407,A
29644,A
29627,A
6593,A
6578,A
20416,A
6576,A
29692,A
29654,A
8538,A
8540,A
8541,A
12106,A
47964,A
47946,A
47947,A
47951,A
47953,A
12114,A
12115,A
1409,A
1396,A
12120,A
12121,A
12126,A
8562,A
8566,A
48045,A
48029,A
48016,A
6591,A
29476,A
29480,A
29459,A
29463,A
29519,A
29599,A
29581,A
29562,A
29568,A
29546,A
20433,A
20434,A
20440,A
20426,A
6597,A
29413,A
29414,A
29397,A
4182,A
20480,A
20485,A
20472,A
20497,A
20501,A
20506,A
20488,A
20490,A
29455,A
29435,A
29437,A
12078,A
12053,A
12054,A
12060,A
48077,A
48058,A
48065,A
48066,A
48057,A
48041,A
48043,A
1355,A
48094,A
48084,A
9338,A
12102,A
1364,A
1365,A
8552,A
8555,A
29439,A
29442,A
29386,A
29372,A
29363,A
4170,A
4147,A
4148,A
4149,A
29385,A
20516,A
20509,A
20511,A
20513,A
29396,A
6541,A
12034,A
12040,A
48151,A
48131,A
48126,A
1373,A
8545,A
8551,A
48189,A
48174,A
48176,A
48158,A
48150,A
12065,A
12066,A
12068,A
12046,A
48187,A
12091,A
6542,A
20526,A
20529,A
29324,A
29325,A
29311,A
29300,A
29302,A
29298,A
6563,A
29339,A
29330,A
29338,A
20550,A
20535,A
20542,A
29357,A
8599,A
8601,A
8602,A
8603,A
48223,A
48228,A
48229,A
48206,A
48210,A
12086,A
12088,A
48269,A
48272,A
48251,A
48256,A
8605,A
8606,A
48366,A
48329,A
48320,A
1304,A
20564,A
20565,A
20547,A
29202,A
29196,A
29185,A
29187,A
20574,A
20576,A
20582,A
29263,A
29270,A
29254,A
29225,A
20593,A
20597,A
20590,A
29276,A
29278,A
20605,A
20606,A
20609,A
29094,A
29095,A
4201,A
20621,A
29120,A
29110,A
20639,A
20614,A
20615,A
20618,A
29188,A
11954,A
1325,A
1332,A
1314,A
1321,A
1323,A
11988,A
48399,A
48404,A
48382,A
1335,A
8571,A
8574,A
11991,A
11975,A
11977,A
48418,A
48423,A
6509,A
20646,A
29013,A
28974,A
28977,A
28985,A
28958,A
29066,A
29047,A
29054,A
29043,A
29046,A
6513,A
6516,A
4211,A
4192,A
1277,A
1281,A
1267,A
48588,A
48589,A
48466,A
48446,A
48447,A
9339,A
48454,A
48435,A
11936,A
48499,A
53764,A
48464,A
11955,A
11937,A
11941,A
11944,A
11946,A
11962,A
4198,A
29078,A
4250,A
4253,A
28935,A
4232,A
4237,A
28927,A
20720,A
20700,A
20702,A
4249,A
4260,A
20739,A
20716,A
20719,A
28965,A
28969,A
28949,A
11855,A
11856,A
11849,A
48548,A
48543,A
48516,A
48505,A
48507,A
11898,A
48580,A
48581,A
48572,A
48590,A
11900,A
11906,A
11909,A
11891,A
1291,A
1271,A
4254,A
4258,A
28882,A
28856,A
28857,A
28846,A
28912,A
28896,A
28901,A
28889,A
28893,A
20760,A
20764,A
28910,A
28911,A
28917,A
28919,A
48626,A
48605,A
48610,A
1282,A
1285,A
48651,A
48630,A
48639,A
48641,A
48615,A
11850,A
48674,A
11871,A
11875,A
20786,A
20793,A
20771,A
20781,A
28791,A
28792,A
28793,A
28786,A
20802,A
20810,A
28828,A
28817,A
28824,A
6459,A
20812,A
20817,A
20818,A
6455,A
28851,A
28836,A
28837,A
28838,A
28842,A
4274,A
4276,A
4271,A
28751,A
6489,A
6494,A
20866,A
20840,A
20849,A
28781,A
28765,A
11794,A
11798,A
11806,A
11807,A
48708,A
48711,A
48685,A
48691,A
11879,A
11845,A
8608,A
11830,A
11833,A
11836,A
48719,A
8636,A
8638,A
8639,A
8618,A
11843,A
4296,A
28760,A
28686,A
28662,A
28669,A
28652,A
28654,A
28658,A
20951,A
28732,A
28723,A
28724,A
28710,A
28712,A
20884,A
20885,A
20888,A
20906,A
20911,A
11772,A
11754,A
48781,A
48746,A
48750,A
48795,A
48775,A
11808,A
11779,A
11780,A
11781,A
11785,A
11786,A
48810,A
53732,A
11829,A
11815,A
20893,A
20897,A
20899,A
28585,A
28568,A
28571,A
28574,A
28564,A
28546,A
28637,A
28636,A
28617,A
28602,A
20933,A
20936,A
20916,A
20921,A
20922,A
20926,A
20957,A
20958,A
8667,A
1242,A
48818,A
48820,A
48821,A
8694,A
8695,A
1259,A
1246,A
11757,A
11761,A
11762,A
11742,A
11747,A
11751,A
48825,A
20942,A
20945,A
20946,A
20970,A
20972,A
4313,A
28536,A
4302,A
6423,A
6426,A
20978,A
6415,A
6416,A
20969,A
4319,A
4326,A
6431,A
6436,A
6437,A
28547,A
28551,A
28553,A
28538,A
28541,A
28542,A
28430,A
28431,A
28408,A
28412,A
28398,A
28401,A
28406,A
28480,A
28455,A
28446,A
28437,A
28426,A
28429,A
20989,A
20995,A
28500,A
28486,A
28522,A
28515,A
11706,A
11707,A
11709,A
48896,A
48867,A
48873,A
48881,A
48844,A
48852,A
48938,A
48941,A
1184,A
48922,A
48931,A
48919,A
48883,A
11732,A
1203,A
48936,A
48937,A
8679,A
21009,A
21010,A
21015,A
28354,A
28335,A
28338,A
28339,A
28320,A
28388,A
4353,A
21040,A
28395,A
28378,A
28384,A
21052,A
11662,A
11664,A
11648,A
11652,A
11656,A
48952,A
48957,A
1221,A
48943,A
8670,A
49012,A
48995,A
48978,A
11702,A
11686,A
49035,A
49037,A
49010,A
49041,A
49049,A
21062,A
21044,A
28242,A
28228,A
28213,A
21092,A
28302,A
28273,A
28309,A
21118,A
21121,A
21096,A
21099,A
28321,A
28322,A
28327,A
28315,A
28319,A
28304,A
28197,A
28198,A
28186,A
28189,A
21135,A
21138,A
28203,A
28204,A
28210,A
28193,A
6389,A
21139,A
21140,A
21131,A
28224,A
6398,A
49192,A
11623,A
11629,A
49095,A
49096,A
49082,A
49053,A
49054,A
1142,A
1148,A
1150,A
1151,A
49089,A
49090,A
11634,A
11643,A
1169,A
1173,A
1161,A
1164,A
11681,A
11658,A
6400,A
6401,A
6404,A
28124,A
28125,A
28111,A
28071,A
28073,A
21152,A
28162,A
28153,A
28131,A
28132,A
21191,A
21168,A
21158,A
21163,A
6407,A
28175,A
28178,A
11595,A
11596,A
8697,A
49133,A
49116,A
49123,A
1178,A
49108,A
49165,A
49171,A
49173,A
49142,A
49145,A
11615,A
49179,A
49213,A
49219,A
49191,A
28180,A
21181,A
21187,A
28029,A
28012,A
28003,A
28004,A
4394,A
4395,A
4382,A
28032,A
28022,A
28024,A
21212,A
21194,A
4404,A
4413,A
11567,A
1103,A
49235,A
49237,A
49241,A
1119,A
1111,A
1101,A
11587,A
49289,A
49268,A
8699,A
11594,A
21220,A
27923,A
27926,A
27928,A
27929,A
27898,A
27951,A
27952,A
27947,A
27939,A
27998,A
28000,A
27984,A
27989,A
27983,A
27969,A
21284,A
21287,A
21270,A
11536,A
49346,A
49335,A
49326,A
53719,A
11544,A
49387,A
49375,A
49377,A
11577,A
11560,A
11556,A
11541,A
49405,A
49392,A
49398,A
21276,A
27993,A
27995,A
27787,A
27790,A
27781,A
27878,A
27842,A
27844,A
27845,A
27818,A
6349,A
21295,A
27887,A
27874,A
27900,A
27901,A
6353,A
6362,A
6344,A
6345,A
27752,A
27756,A
27740,A
27727,A
4418,A
4419,A
27757,A
27759,A
27760,A
27763,A
27764,A
6370,A
6372,A
4442,A
27765,A
4450,A
21345,A
11483,A
11484,A
11490,A
49446,A
49426,A
49431,A
49411,A
49414,A
49490,A
1070,A
49473,A
49486,A
49467,A
49459,A
11506,A
11509,A
11501,A
1078,A
11527,A
11529,A
21315,A
27631,A
27632,A
27640,A
27621,A
27624,A
4495,A
27686,A
21381,A
21370,A
21355,A
21360,A
27707,A
27711,A
27715,A
11435,A
11436,A
11425,A
11426,A
49546,A
49548,A
49540,A
49516,A
49503,A
11526,A
49584,A
49573,A
49576,A
49554,A
49555,A
11476,A
11479,A
11454,A
49594,A
49597,A
21385,A
21387,A
4476,A
27613,A
4459,A
4461,A
27597,A
21402,A
4489,A
4490,A
4491,A
4472,A
4474,A
21405,A
21394,A
21398,A
27619,A
21430,A
11402,A
49617,A
49599,A
49604,A
49593,A
11414,A
49628,A
49631,A
49632,A
49612,A
11432,A
11419,A
49646,A
49649,A
21418,A
21420,A
27535,A
27531,A
27508,A
27512,A
27559,A
27551,A
21436,A
21439,A
27583,A
27593,A
27574,A
21460,A
11383,A
11384,A
11364,A
1034,A
1035,A
1037,A
49638,A
49640,A
49655,A
49656,A
49657,A
1058,A
1041,A
49650,A
49683,A
49660,A
49662,A
49663,A
1063,A
8752,A
8753,A
8739,A
21463,A
21455,A
21434,A
27493,A
27498,A
27477,A
27478,A
27480,A
21490,A
4534,A
4522,A
4500,A
21498,A
21484,A
21485,A
4538,A
49864,A
49866,A
49868,A
995,A
49696,A
49703,A
8747,A
49742,A
49743,A
49731,A
49739,A
49716,A
11365,A
49791,A
49792,A
49775,A
49788,A
49751,A
49831,A
21517,A
21521,A
21501,A
27426,A
6315,A
21530,A
21538,A
21527,A
27422,A
27461,A
6318,A
6302,A
27469,A
27456,A
27458,A
4568,A
4550,A
4554,A
4556,A
21565,A
21543,A
6334,A
4560,A
4563,A
21572,A
21573,A
21556,A
21561,A
21564,A
27417,A
53722,A
11299,A
11276,A
49855,A
49836,A
49842,A
49846,A
49847,A
11318,A
11303,A
11309,A
11312,A
49849,A
11351,A
11323,A
11325,A
11329,A
11331,A
999,A
49862,A
8771,A
11240,A
49879,A
1012,A
11261,A
11265,A
49906,A
49907,A
49908,A
11272,A
11274,A
27402,A
4574,A
27389,A
27394,A
27336,A
21668,A
27355,A
27347,A
27348,A
21617,A
21595,A
21599,A
21600,A
21584,A
27379,A
50110,A
50111,A
50112,A
49955,A
49961,A
984,A
991,A
961,A
49933,A
49999,A
50008,A
11251,A
50034,A
50040,A
50047,A
50013,A
8794,A
8797,A
21622,A
21612,A
21614,A
27304,A
27285,A
21715,A
27313,A
27314,A
27299,A
21631,A
21632,A
21633,A
21637,A
21670,A
21673,A
21640,A
21645,A
21647,A
4594,A
4595,A
4580,A
27237,A
27245,A
27249,A
27253,A
4590,A
4592,A
27254,A
27257,A
27242,A
21698,A
21699,A
11172,A
11177,A
11178,A
11156,A
50085,A
50089,A
50081,A
8793,A
11212,A
11214,A
11198,A
11201,A
50105,A
11238,A
11225,A
11226,A
11228,A
11229,A
11211,A
50118,A
21679,A
21684,A
27266,A
4642,A
4644,A
4649,A
4627,A
4635,A
27185,A
27173,A
27176,A
21723,A
27204,A
27216,A
27178,A
27218,A
27222,A
27224,A
50224,A
11129,A
11133,A
50161,A
50132,A
946,A
910,A
50154,A
50155,A
11159,A
11165,A
11148,A
11151,A
11152,A
50165,A
50166,A
6285,A
6264,A
6272,A
27134,A
27135,A
27138,A
27141,A
27129,A
27130,A
27142,A
27143,A
27144,A
27151,A
21752,A
21758,A
21761,A
21738,A
21739,A
21746,A
27165,A
27167,A
27155,A
27160,A
27078,A
27083,A
27086,A
27066,A
27067,A
27075,A
27098,A
27105,A
27107,A
27090,A
21790,A
21775,A
21777,A
21780,A
21781,A
21783,A
21784,A
27116,A
27119,A
27120,A
50346,A
11077,A
50174,A
9341,A
50181,A
949,A
11098,A
11104,A
11105,A
50198,A
50212,A
11143,A
11125,A
11108,A
11112,A
11114,A
50251,A
50237,A
21811,A
21800,A
21804,A
26996,A
26980,A
27018,A
27019,A
27022,A
27014,A
27057,A
27061,A
27026,A
27036,A
21855,A
8819,A
8823,A
8805,A
8808,A
874,A
877,A
50275,A
50279,A
50266,A
50274,A
50246,A
50302,A
50292,A
881,A
882,A
891,A
11066,A
11058,A
50324,A
50339,A
50345,A
21846,A
21849,A
21838,A
26964,A
26941,A
26943,A
26944,A
26950,A
26930,A
4660,A
26965,A
26952,A
26954,A
26960,A
21875,A
26978,A
4654,A
4682,A
6238,A
6240,A
50515,A
50499,A
50506,A
11035,A
50396,A
50379,A
50380,A
50353,A
50355,A
50357,A
50435,A
50436,A
50419,A
50391,A
50395,A
11041,A
843,A
827,A
828,A
50441,A
50443,A
8833,A
8834,A
6244,A
6228,A
6248,A
6256,A
21889,A
26889,A
21911,A
21894,A
21896,A
21901,A
6246,A
21921,A
21923,A
26927,A
26928,A
26929,A
21954,A
21955,A
21956,A
21929,A
21936,A
21961,A
21944,A
21949,A
26883,A
4726,A
26869,A
21975,A
21982,A
26894,A
26895,A
26896,A
50558,A
50540,A
50464,A
852,A
859,A
8826,A
8832,A
11004,A
11009,A
50493,A
50494,A
50477,A
11038,A
11030,A
11010,A
10999,A
50526,A
50511,A
26900,A
26876,A
26877,A
26880,A
26848,A
26849,A
26854,A
26862,A
22035,A
4723,A
4688,A
4689,A
4690,A
4691,A
22010,A
21989,A
21991,A
21997,A
21999,A
6205,A
8867,A
8852,A
8873,A
10984,A
10960,A
10964,A
10965,A
10969,A
10970,A
50547,A
10992,A
10997,A
10975,A
50563,A
50552,A
50555,A
6181,A
6184,A
22009,A
26771,A
26773,A
26757,A
4768,A
4744,A
26804,A
26788,A
24076,A
26794,A
26781,A
26784,A
26766,A
26846,A
26818,A
26800,A
22018,A
10913,A
50605,A
50608,A
50589,A
50601,A
50576,A
50578,A
50588,A
50629,A
50630,A
50632,A
50633,A
50634,A
50641,A
50604,A
8838,A
8851,A
788,A
8864,A
26838,A
26670,A
26654,A
26657,A
26645,A
26648,A
22044,A
26718,A
26699,A
26700,A
22061,A
22067,A
22075,A
22059,A
4728,A
10867,A
10859,A
10845,A
812,A
813,A
791,A
50653,A
785,A
50665,A
822,A
50657,A
50658,A
804,A
806,A
10886,A
50680,A
50661,A
10909,A
10911,A
26738,A
26742,A
22076,A
26621,A
26624,A
26625,A
22105,A
22089,A
22092,A
4799,A
4801,A
22128,A
22111,A
22117,A
22119,A
22120,A
26649,A
26640,A
22123,A
22127,A
26564,A
26568,A
26572,A
4883,A
26556,A
26561,A
22135,A
22136,A
22141,A
22142,A
26605,A
26574,A
26575,A
26589,A
6142,A
6144,A
6146,A
22131,A
26617,A
50851,A
745,A
50840,A
50841,A
50713,A
50689,A
50741,A
50748,A
50730,A
50733,A
50735,A
50739,A
50781,A
50782,A
50766,A
50773,A
10876,A
26619,A
6147,A
6157,A
26537,A
26539,A
26520,A
4862,A
26549,A
4840,A
22151,A
22152,A
22154,A
4874,A
4879,A
22190,A
22191,A
10776,A
10779,A
10783,A
10764,A
50801,A
50789,A
50794,A
50797,A
10825,A
10799,A
10806,A
50825,A
50800,A
50847,A
10836,A
10842,A
10844,A
10815,A
10822,A
755,A
50849,A
22173,A
22184,A
22162,A
22165,A
22201,A
26485,A
22224,A
22210,A
22212,A
22216,A
26497,A
22236,A
22238,A
22223,A
26522,A
26524,A
26510,A
26493,A
26444,A
26445,A
26420,A
26421,A
26422,A
26424,A
26426,A
23981,A
22248,A
22252,A
26440,A
22271,A
22275,A
22278,A
22279,A
22263,A
22264,A
26490,A
26468,A
26472,A
8894,A
781,A
50863,A
758,A
766,A
50903,A
50909,A
50891,A
50892,A
50872,A
8898,A
8902,A
50942,A
50950,A
50940,A
50913,A
50920,A
23962,A
10770,A
26477,A
26462,A
26464,A
26465,A
26449,A
4893,A
26404,A
26405,A
26406,A
26410,A
22304,A
22282,A
22284,A
22287,A
4904,A
22319,A
22322,A
22324,A
22309,A
22315,A
22301,A
26414,A
10706,A
50984,A
50987,A
50971,A
51008,A
707,A
50997,A
50999,A
51003,A
10730,A
10731,A
10733,A
10736,A
8887,A
53901,A
26418,A
4917,A
26351,A
26359,A
26361,A
26338,A
26346,A
6103,A
22338,A
26380,A
6104,A
6111,A
6100,A
6101,A
26390,A
51170,A
51043,A
51015,A
742,A
51067,A
51077,A
51099,A
51106,A
51088,A
51090,A
10728,A
10711,A
26398,A
26399,A
26400,A
6117,A
26279,A
26285,A
26272,A
26319,A
26299,A
26301,A
26305,A
26306,A
26308,A
6131,A
22342,A
22344,A
26326,A
26329,A
26316,A
22369,A
22370,A
51204,A
51108,A
51116,A
51158,A
51168,A
10664,A
10665,A
10671,A
10661,A
8957,A
51183,A
51191,A
671,A
22372,A
6127,A
4935,A
4937,A
22395,A
22398,A
22379,A
22380,A
22386,A
22403,A
22405,A
22409,A
10606,A
10590,A
679,A
8921,A
8922,A
8926,A
8945,A
10634,A
10635,A
698,A
699,A
706,A
51194,A
8949,A
51209,A
51210,A
22421,A
22423,A
26194,A
26197,A
4993,A
4994,A
26185,A
26187,A
26190,A
26209,A
6069,A
22445,A
22438,A
22424,A
22429,A
26232,A
10568,A
10569,A
10572,A
51217,A
51284,A
51294,A
51269,A
51248,A
10586,A
51320,A
51303,A
51305,A
10624,A
10604,A
26242,A
6064,A
6066,A
4967,A
26168,A
26154,A
26133,A
4978,A
4980,A
26178,A
26179,A
4965,A
22457,A
6073,A
6079,A
22471,A
22458,A
10525,A
10529,A
51344,A
51345,A
51348,A
51329,A
51330,A
10620,A
9005,A
9008,A
644,A
646,A
639,A
643,A
10548,A
10549,A
10555,A
10557,A
10536,A
10539,A
10558,A
10561,A
10565,A
6092,A
22451,A
26076,A
26084,A
26087,A
26074,A
5020,A
26090,A
26119,A
22522,A
22511,A
22512,A
22515,A
22498,A
26145,A
26122,A
26124,A
10482,A
51358,A
51363,A
51370,A
51388,A
51375,A
51376,A
51379,A
51357,A
51422,A
51406,A
51412,A
51402,A
51383,A
51384,A
8997,A
9002,A
26127,A
26128,A
26108,A
26054,A
26063,A
26049,A
22534,A
5015,A
5019,A
26064,A
22553,A
22554,A
22560,A
22538,A
22542,A
22543,A
22548,A
5038,A
617,A
51559,A
51562,A
51474,A
51469,A
51445,A
51526,A
51512,A
51518,A
51508,A
51473,A
10491,A
10469,A
51540,A
10509,A
10511,A
10494,A
22567,A
22568,A
22552,A
25972,A
25976,A
25979,A
25963,A
25970,A
26005,A
25981,A
25985,A
25987,A
26035,A
26037,A
26014,A
6043,A
6023,A
10404,A
10405,A
569,A
578,A
51548,A
10444,A
10430,A
10432,A
10435,A
51565,A
10462,A
10467,A
10450,A
10451,A
10455,A
51566,A
51573,A
22588,A
22595,A
22581,A
25932,A
25917,A
5060,A
25935,A
22600,A
22601,A
6050,A
5077,A
5079,A
22630,A
22636,A
22612,A
22625,A
25898,A
25882,A
25886,A
25876,A
22641,A
22646,A
25895,A
22674,A
22664,A
22665,A
22666,A
22668,A
22669,A
25920,A
10375,A
10376,A
51593,A
51578,A
51583,A
51586,A
51637,A
51642,A
51613,A
51619,A
51620,A
51627,A
10391,A
10394,A
10398,A
10399,A
51657,A
531,A
51660,A
22670,A
25822,A
25810,A
25813,A
22759,A
25847,A
25833,A
25836,A
25838,A
22709,A
22683,A
22685,A
25842,A
25863,A
25864,A
25865,A
9013,A
9015,A
10340,A
10341,A
51677,A
560,A
539,A
10360,A
9040,A
51708,A
10385,A
10367,A
10374,A
10354,A
10358,A
51779,A
10315,A
10316,A
10299,A
10301,A
51798,A
51806,A
10339,A
513,A
497,A
504,A
51815,A
10344,A
10345,A
9011,A
9012,A
10334,A
10337,A
22714,A
22716,A
25781,A
25771,A
5089,A
25798,A
22733,A
5099,A
26,A
25806,A
25807,A
22758,A
34,A
22745,A
25726,A
25728,A
25730,A
25734,A
25720,A
25706,A
22823,A
5986,A
22772,A
22775,A
25737,A
25738,A
6002,A
6003,A
6008,A
5996,A
5997,A
5998,A
22781,A
51981,A
10272,A
10277,A
51864,A
51841,A
51843,A
519,A
51882,A
51884,A
51887,A
51876,A
10280,A
10283,A
10286,A
51916,A
51919,A
25762,A
25763,A
25745,A
25640,A
25644,A
25647,A
25631,A
25634,A
25621,A
25622,A
25671,A
25677,A
22795,A
5155,A
5147,A
5148,A
5135,A
22831,A
22813,A
22822,A
10219,A
10221,A
9074,A
10211,A
460,A
51961,A
51965,A
51951,A
10253,A
474,A
478,A
455,A
10268,A
10258,A
10261,A
10262,A
482,A
487,A
22800,A
22801,A
22793,A
25573,A
25578,A
25581,A
25558,A
25569,A
5203,A
5204,A
22837,A
22842,A
22845,A
25586,A
22871,A
22873,A
22874,A
22864,A
22855,A
22856,A
25630,A
25609,A
25613,A
25595,A
25597,A
22868,A
22869,A
22870,A
25547,A
25552,A
25531,A
25533,A
5951,A
22885,A
5188,A
5179,A
25540,A
22911,A
22894,A
22896,A
22897,A
22899,A
5206,A
10202,A
9052,A
10195,A
10197,A
52013,A
52014,A
52002,A
51988,A
52045,A
52030,A
52034,A
52042,A
10213,A
9065,A
52076,A
10237,A
10215,A
22921,A
22928,A
22903,A
25468,A
25469,A
25450,A
25461,A
25462,A
25516,A
25488,A
25473,A
25480,A
25466,A
22936,A
22939,A
25521,A
25514,A
5934,A
5940,A
5942,A
22948,A
22932,A
5239,A
5244,A
5248,A
5223,A
5213,A
5216,A
5220,A
22987,A
22960,A
22974,A
22952,A
22954,A
22955,A
22958,A
5234,A
22997,A
22998,A
22975,A
22976,A
22983,A
25434,A
25436,A
25438,A
52203,A
10156,A
10157,A
52099,A
52079,A
52090,A
10234,A
52155,A
52130,A
52135,A
52139,A
10174,A
52180,A
52161,A
429,A
9060,A
25439,A
5250,A
5251,A
25421,A
25399,A
25401,A
25388,A
25391,A
25393,A
25366,A
25405,A
25409,A
25398,A
23015,A
23018,A
23023,A
25414,A
9085,A
9086,A
10121,A
9106,A
443,A
445,A
435,A
427,A
35,A
9101,A
10165,A
10147,A
10150,A
10153,A
10154,A
10130,A
10131,A
52197,A
52198,A
52200,A
23031,A
23032,A
23012,A
25348,A
25319,A
25320,A
25355,A
23069,A
23071,A
23054,A
23042,A
23045,A
23074,A
10084,A
10071,A
52243,A
52227,A
52233,A
52223,A
10117,A
52244,A
52235,A
52237,A
10122,A
10123,A
10125,A
10106,A
10108,A
25276,A
25263,A
25265,A
25267,A
25269,A
25297,A
25299,A
25281,A
25283,A
25274,A
25275,A
23088,A
25307,A
25313,A
25314,A
25315,A
25326,A
5912,A
5915,A
52449,A
52450,A
52429,A
52435,A
52328,A
52329,A
52330,A
9088,A
391,A
392,A
52331,A
52334,A
10073,A
10050,A
10051,A
10065,A
399,A
10096,A
10100,A
5904,A
5893,A
25203,A
25204,A
25194,A
25196,A
25199,A
23100,A
5926,A
23097,A
25213,A
25230,A
25235,A
25236,A
23128,A
23119,A
23099,A
25258,A
25246,A
25249,A
25174,A
25157,A
25161,A
25163,A
23141,A
5269,A
5270,A
5271,A
23164,A
23166,A
23171,A
23173,A
23174,A
23160,A
23161,A
23138,A
5280,A
5293,A
25190,A
9141,A
52403,A
52359,A
52361,A
52343,A
52352,A
52342,A
10009,A
52422,A
52424,A
52437,A
10045,A
10031,A
10034,A
10036,A
52456,A
52443,A
23177,A
23186,A
25122,A
25127,A
25128,A
25132,A
25149,A
25150,A
25154,A
25134,A
25139,A
25140,A
25143,A
5852,A
5857,A
23194,A
16,A
5879,A
5882,A
9979,A
9968,A
52476,A
52477,A
52479,A
52481,A
52482,A
52468,A
52453,A
52508,A
52499,A
52483,A
52484,A
10006,A
9111,A
9992,A
9994,A
9998,A
9999,A
52518,A
9136,A
5869,A
25097,A
25078,A
25084,A
25074,A
25075,A
5328,A
5304,A
25087,A
5885,A
5320,A
5322,A
5324,A
25120,A
23248,A
23238,A
23219,A
23227,A
25038,A
25051,A
23253,A
23264,A
23265,A
23267,A
23278,A
23282,A
23283,A
23284,A
23269,A
23270,A
23274,A
25052,A
25054,A
52610,A
52611,A
52612,A
9934,A
52551,A
52553,A
52544,A
52534,A
52540,A
343,A
52572,A
324,A
325,A
326,A
52565,A
52567,A
9953,A
346,A
356,A
334,A
340,A
52575,A
9981,A
9985,A
9879,A
9882,A
52605,A
52588,A
52594,A
52583,A
363,A
52573,A
9914,A
9901,A
9903,A
9909,A
9939,A
9919,A
9929,A
9931,A
52629,A
52606,A
25061,A
23300,A
24986,A
24978,A
23351,A
5358,A
5337,A
23312,A
23303,A
23310,A
23311,A
5828,A
5835,A
5841,A
5842,A
5821,A
24896,A
24900,A
24908,A
54,A
24924,A
24929,A
24931,A
24895,A
24950,A
24951,A
23354,A
23355,A
23345,A
9159,A
52664,A
52648,A
52643,A
52645,A
52647,A
52686,A
52671,A
52659,A
53857,A
52663,A
9865,A
9866,A
9171,A
9176,A
9178,A
52679,A
52682,A
9888,A
23336,A
23337,A
23340,A
23341,A
5849,A
24862,A
24863,A
24864,A
24854,A
24858,A
24846,A
5382,A
24870,A
5373,A
5375,A
5376,A
23382,A
23374,A
5393,A
5394,A
5398,A
24886,A
5402,A
9798,A
9799,A
9804,A
9807,A
290,A
294,A
52718,A
52723,A
52705,A
52711,A
9825,A
295,A
307,A
286,A
9851,A
9151,A
9156,A
9842,A
9845,A
52738,A
24876,A
24881,A
23389,A
24806,A
24798,A
23423,A
23407,A
23411,A
24822,A
23432,A
23419,A
24849,A
9211,A
9212,A
9216,A
52786,A
52788,A
52777,A
52778,A
52765,A
52809,A
52811,A
52813,A
52798,A
52800,A
52806,A
52783,A
9789,A
9791,A
9795,A
9784,A
52807,A
9812,A
9818,A
24833,A
24838,A
24821,A
24741,A
24745,A
24750,A
24763,A
24764,A
24766,A
24758,A
23450,A
23462,A
24762,A
24780,A
23481,A
23467,A
5413,A
69,A
24710,A
24713,A
23500,A
23490,A
23492,A
5426,A
23505,A
23506,A
23508,A
23509,A
5441,A
24729,A
24730,A
52960,A
52931,A
52938,A
52945,A
52854,A
52864,A
52837,A
52839,A
52830,A
52835,A
9781,A
52902,A
52894,A
70,A
9198,A
9188,A
9780,A
247,A
9210,A
24736,A
24665,A
24654,A
24641,A
24688,A
24691,A
24692,A
24698,A
24678,A
24679,A
24680,A
24683,A
5784,A
5786,A
5792,A
53085,A
9721,A
9697,A
9701,A
52925,A
242,A
246,A
9761,A
9746,A
9750,A
9751,A
9733,A
9739,A
52946,A
9754,A
9755,A
9757,A
9760,A
52952,A
52953,A
5778,A
5782,A
5783,A
5809,A
5811,A
5449,A
23554,A
23555,A
5808,A
24635,A
24636,A
23576,A
23560,A
24642,A
24644,A
9656,A
9657,A
9658,A
52995,A
52984,A
52977,A
53036,A
53018,A
53024,A
53026,A
53028,A
53012,A
52989,A
9688,A
53072,A
53049,A
53066,A
53029,A
24648,A
24632,A
24564,A
24549,A
24551,A
23666,A
23582,A
24585,A
24575,A
24579,A
23613,A
23599,A
23601,A
23580,A
5456,A
5457,A
24614,A
9621,A
9607,A
224,A
198,A
202,A
203,A
53093,A
53097,A
53128,A
53129,A
53119,A
53121,A
212,A
9661,A
9641,A
9643,A
9644,A
9646,A
9647,A
53122,A
24615,A
24609,A
5505,A
5511,A
5483,A
5486,A
5489,A
24532,A
24533,A
24513,A
5514,A
5518,A
23634,A
24539,A
24542,A
24547,A
24528,A
23683,A
9234,A
9236,A
53181,A
53186,A
53164,A
53173,A
53153,A
53226,A
53230,A
53199,A
53180,A
9613,A
9601,A
53234,A
53240,A
9636,A
9638,A
23652,A
23646,A
24479,A
24483,A
24485,A
24472,A
5731,A
5738,A
23697,A
5729,A
5730,A
24498,A
5746,A
5749,A
5754,A
5498,A
9566,A
9570,A
9576,A
9578,A
158,A
159,A
53252,A
53255,A
9628,A
53274,A
179,A
53263,A
53304,A
53305,A
53291,A
187,A
9240,A
9241,A
9252,A
24494,A
24430,A
24398,A
24404,A
23796,A
24438,A
24425,A
23738,A
23740,A
23708,A
23720,A
24443,A
24447,A
23747,A
23748,A
23751,A
5544,A
5525,A
24353,A
23845,A
5555,A
5546,A
5548,A
23763,A
23765,A
24389,A
24378,A
24366,A
23782,A
9510,A
9490,A
9492,A
9494,A
53340,A
53324,A
53325,A
9239,A
53393,A
53397,A
53389,A
53373,A
9557,A
9543,A
9548,A
9551,A
9528,A
53402,A
23775,A
23779,A
24284,A
24288,A
24267,A
24270,A
24277,A
24279,A
24280,A
24282,A
23812,A
24324,A
24309,A
24311,A
23850,A
23813,A
9276,A
9280,A
9283,A
9284,A
53451,A
53418,A
53439,A
53902,A
113,A
119,A
53465,A
53463,A
53443,A
9501,A
9287,A
9488,A
9489,A
132,A
9512,A
9505,A
23823,A
23805,A
24220,A
24232,A
5691,A
5692,A
5697,A
23856,A
23872,A
24238,A
5723,A
5702,A
5690,A
24256,A
24250,A
9433,A
9437,A
53488,A
53490,A
53491,A
53492,A
149,A
53477,A
9479,A
53516,A
53519,A
53496,A
53506,A
9480,A
9265,A
9267,A
9478,A
53523,A
53526,A
5717,A
5719,A
5592,A
24197,A
23888,A
23889,A
23877,A
23878,A
23879,A
23894,A
23882,A
23886,A
24210,A
24214,A
89,A
90,A
77,A
53520,A
53615,A
53585,A
53562,A
53563,A
53570,A
9441,A
9421,A
53605,A
53609,A
53613,A
9467,A
9450,A
24218,A
5598,A
24205,A
24206,A
24172,A
24174,A
24179,A
24163,A
24164,A
24169,A
24159,A
23916,A
23920,A
23922,A
23923,A
5662,A
5667,A
23937,A
23938,A
23945,A
23926,A
24198,A
24182,A
9342,A
9346,A
9329,A
53645,A
53630,A
53617,A
53624,A
9459,A
9377,A
24080,A
24082,A
5618,A
5626,A
5611,A
24011,A
23998,A
24004,A
23990,A
23992,A
5632,A
24095,A
24045,A
24048,A
24029,A
24033,A
53807,A
53814,A
9359,A
53822,A
53823,A
9326,A
9327,A
9328,A
9310,A
9298,A
9306,A
53911,A
53914,A
15690,A
39911,A
24084,A
9378,A
9381,A
9370,A
9373,A
9376,A
53644,A
83,A
53929,A
87,A
53905,A
24193,A
24113,A
24115,A
24107,A
24131,A
24132,A
24135,A
23967,A
23951,A
5674,A
5683,A
23947,A
24017,A
24027,A
53676,A
96,A
100,A
104,A
53708,A
53680,A
53683,A
24078,A
43242,A
53815,A
29234,A
8126,A
22968,A
53127,A
25505,A
16240,A
15375,A
41777,A
5905,A
38552,A
1319,A
7923,A
8323,A
42115,A
26752,A
11778,A
9470,A
52490,A
48253,A
45242,A
44905,A
46324,A
12529,A
48250,A
27897,A
10828,A
18442,A
11356,A
15433,A
44433,A
2484,A
50970,A
44159,A
13066,A
50827,A
24768,A
9278,A
26501,A
16938,A
51107,A
43069,A
43102,A
22717,A
11912,A
12276,A
53899,A
46422,A
6124,A
36191,A
12412,A
24771,A
47689,A
45731,A
27681,A
13550,A
700,A
43187,A
20275,A
40784,A
40645,A
13284,A
48412,A
33212,A
10617,A
24061,A
24064,A
24065,A
24044,A
24050,A
24053,A
24068,A
24085,A
24055,A
53797,A
53802,A
53808,A
9302,A
9303,A
23,A
24002,A
5617,A
53880,A
53885,A
24028,A
24031,A
24010,A
24016,A
24019,A
24021,A
53784,A
9356,A
9357,A
24109,A
24110,A
9366,A
53775,A
23965,A
24122,A
24123,A
5672,A
5677,A
23954,A
23957,A
23958,A
23959,A
13989,A
13994,A
13959,A
13963,A
13970,A
13985,A
43705,A
43712,A
43714,A
43717,A
2094,A
43661,A
43739,A
43740,A
43722,A
43724,A
43726,A
43727,A
43728,A
24168,A
24145,A
24148,A
24151,A
23893,A
23900,A
23921,A
24160,A
53765,A
53771,A
9334,A
9364,A
9365,A
9349,A
9351,A
9352,A
14011,A
14013,A
43730,A
43736,A
14022,A
2081,A
2090,A
2091,A
14029,A
14030,A
14037,A
14040,A
14047,A
43623,A
43624,A
43633,A
53746,A
53750,A
53761,A
53728,A
53729,A
5661,A
5670,A
5671,A
24188,A
24194,A
24199,A
24201,A
23874,A
23883,A
23890,A
23891,A
5562,A
5579,A
23901,A
23902,A
23904,A
23905,A
5583,A
5588,A
24217,A
24223,A
23910,A
5597,A
5706,A
5720,A
23864,A
5693,A
53721,A
53695,A
53705,A
53710,A
53736,A
53737,A
53739,A
53717,A
14049,A
14066,A
14068,A
43834,A
14077,A
14081,A
14083,A
43852,A
43828,A
43831,A
43832,A
43864,A
43868,A
43840,A
53692,A
91,A
94,A
24271,A
24273,A
24291,A
24251,A
24259,A
24312,A
24316,A
24318,A
24266,A
24207,A
24211,A
24319,A
24320,A
24321,A
24329,A
24330,A
43863,A
43577,A
43581,A
43595,A
43600,A
43584,A
43585,A
43586,A
43587,A
43555,A
43558,A
43610,A
43612,A
23841,A
23851,A
23815,A
23819,A
23833,A
24341,A
24352,A
23836,A
23839,A
9414,A
9415,A
53664,A
23852,A
53665,A
53671,A
74,A
75,A
14093,A
14094,A
14097,A
14108,A
14109,A
14123,A
43559,A
2049,A
2055,A
2058,A
14131,A
43568,A
8077,A
13920,A
13922,A
13925,A
13931,A
53662,A
9374,A
9379,A
53649,A
5527,A
5529,A
5537,A
5538,A
9387,A
5542,A
5551,A
5526,A
24334,A
23804,A
24376,A
24358,A
2060,A
43874,A
13935,A
13938,A
13940,A
13945,A
43477,A
43483,A
13951,A
13952,A
43512,A
43522,A
43526,A
43489,A
43490,A
43510,A
23776,A
23777,A
23778,A
23780,A
24387,A
23781,A
23789,A
23793,A
23794,A
23799,A
53639,A
24407,A
53655,A
53657,A
53637,A
53638,A
14140,A
2114,A
8001,A
8016,A
2128,A
8020,A
2134,A
2138,A
43463,A
14141,A
43892,A
43896,A
43882,A
43883,A
43884,A
53620,A
53623,A
53626,A
24412,A
24429,A
24431,A
24442,A
5771,A
24390,A
23756,A
23759,A
23760,A
23752,A
23705,A
14177,A
43899,A
43907,A
43412,A
43416,A
14169,A
14170,A
14171,A
14173,A
43422,A
43442,A
43409,A
43449,A
43454,A
43455,A
24484,A
23691,A
24465,A
24468,A
9422,A
23693,A
23698,A
5733,A
5737,A
9432,A
9439,A
53592,A
53595,A
53599,A
9455,A
9462,A
9463,A
9423,A
9424,A
9429,A
43968,A
43938,A
43395,A
43381,A
43382,A
43385,A
43405,A
43389,A
43392,A
43393,A
8021,A
43397,A
43401,A
53575,A
53584,A
53587,A
5481,A
5500,A
5739,A
24489,A
5513,A
5517,A
24515,A
24503,A
24474,A
24475,A
24454,A
24456,A
24457,A
14180,A
14190,A
14208,A
14213,A
14218,A
43367,A
44013,A
44015,A
44016,A
43996,A
44000,A
43276,A
44019,A
44022,A
44024,A
44002,A
44003,A
44004,A
43262,A
43271,A
43273,A
43275,A
43326,A
43300,A
43277,A
43279,A
43286,A
43287,A
44050,A
44027,A
44032,A
43320,A
43323,A
24562,A
23653,A
23658,A
23659,A
23630,A
23632,A
53534,A
23677,A
23679,A
24552,A
24554,A
24555,A
53528,A
53531,A
53533,A
53555,A
53574,A
53544,A
24596,A
24570,A
24577,A
24581,A
24586,A
23590,A
23591,A
23598,A
23602,A
23612,A
24537,A
24540,A
24544,A
24546,A
44060,A
44062,A
44039,A
44043,A
44048,A
44049,A
2156,A
2161,A
44071,A
14248,A
2164,A
14224,A
2155,A
43239,A
14257,A
2170,A
14241,A
9279,A
53524,A
9268,A
9271,A
24600,A
24601,A
24604,A
24610,A
9275,A
5468,A
5804,A
5444,A
5805,A
23559,A
5455,A
43226,A
43230,A
43231,A
43235,A
43261,A
2148,A
2151,A
2152,A
43256,A
43188,A
43190,A
43191,A
43196,A
43206,A
2142,A
24619,A
24622,A
24627,A
24633,A
24676,A
24677,A
24682,A
24686,A
24643,A
24651,A
24655,A
53497,A
53501,A
53503,A
24673,A
53508,A
53486,A
14307,A
14308,A
14310,A
43209,A
14265,A
14275,A
43215,A
43216,A
14287,A
14300,A
14302,A
8042,A
44085,A
13903,A
8050,A
8059,A
13907,A
13914,A
8029,A
8040,A
23501,A
23503,A
23513,A
23514,A
24708,A
23529,A
24716,A
23532,A
23535,A
23538,A
23542,A
5790,A
23579,A
5798,A
5799,A
8068,A
8071,A
14331,A
43167,A
14339,A
14341,A
14344,A
14345,A
14347,A
14349,A
14330,A
14351,A
43170,A
43176,A
43186,A
9517,A
9518,A
9495,A
9497,A
9499,A
9520,A
150,A
53476,A
9502,A
9503,A
9513,A
5422,A
5431,A
5410,A
9519,A
5439,A
23486,A
23495,A
23496,A
5419,A
43136,A
43110,A
43112,A
43115,A
43117,A
43142,A
43148,A
43128,A
43157,A
43159,A
43138,A
43139,A
43141,A
1992,A
43154,A
5442,A
24746,A
24755,A
24761,A
23400,A
23410,A
23470,A
23471,A
23446,A
24769,A
139,A
141,A
23475,A
23477,A
23478,A
2014,A
2000,A
2002,A
2006,A
43040,A
43043,A
43053,A
2011,A
43056,A
43065,A
43100,A
53462,A
53467,A
53474,A
53456,A
24785,A
24786,A
128,A
129,A
24802,A
23425,A
24812,A
24814,A
23399,A
43029,A
43032,A
14353,A
43009,A
43092,A
7969,A
7970,A
7971,A
7972,A
7978,A
43028,A
44132,A
7980,A
7982,A
7983,A
7984,A
7960,A
44122,A
24843,A
24844,A
23428,A
23430,A
24824,A
24826,A
24850,A
24851,A
24834,A
24842,A
53444,A
5371,A
24847,A
53461,A
53428,A
53441,A
13881,A
13884,A
13885,A
13887,A
13888,A
13894,A
13895,A
13897,A
13876,A
42983,A
42968,A
42972,A
43007,A
43008,A
42992,A
42979,A
9567,A
53406,A
9550,A
5379,A
5391,A
5397,A
5400,A
9563,A
23375,A
23377,A
23378,A
23380,A
23360,A
23361,A
23364,A
23385,A
23387,A
2196,A
2199,A
2202,A
43000,A
43001,A
14365,A
14366,A
14367,A
14371,A
2186,A
14396,A
14397,A
14398,A
14379,A
14391,A
14392,A
42914,A
14442,A
14447,A
42892,A
24922,A
24932,A
24936,A
53395,A
24942,A
24946,A
24949,A
24952,A
24953,A
24921,A
53387,A
53391,A
9553,A
9533,A
9534,A
42937,A
42940,A
42909,A
42911,A
44161,A
42950,A
2173,A
2175,A
2180,A
44178,A
44182,A
44152,A
44156,A
44193,A
44199,A
44172,A
23335,A
23344,A
24957,A
24961,A
24963,A
23328,A
23347,A
23350,A
23352,A
23353,A
23356,A
24884,A
23357,A
24973,A
24976,A
24977,A
24979,A
24902,A
24909,A
24910,A
5405,A
24880,A
53365,A
53346,A
53351,A
23308,A
23313,A
24989,A
5340,A
5345,A
5815,A
5820,A
5823,A
5365,A
23306,A
5827,A
5369,A
5370,A
23314,A
44208,A
42834,A
42852,A
42862,A
42863,A
14411,A
42874,A
14433,A
14441,A
14403,A
14405,A
23268,A
23271,A
25022,A
24992,A
23281,A
23285,A
53344,A
53318,A
53327,A
53356,A
53357,A
53330,A
53331,A
53337,A
14468,A
42822,A
42823,A
14424,A
14474,A
14490,A
14493,A
14454,A
44231,A
44238,A
14500,A
44250,A
13812,A
13816,A
13819,A
44224,A
44228,A
44254,A
13820,A
13834,A
44240,A
42756,A
42760,A
13839,A
42793,A
42796,A
42750,A
42799,A
42806,A
42808,A
42782,A
25062,A
25064,A
23247,A
25076,A
25083,A
25085,A
25102,A
25053,A
5305,A
25105,A
25107,A
25108,A
25003,A
25013,A
5295,A
5298,A
42715,A
42717,A
2232,A
42694,A
42729,A
42701,A
2220,A
42744,A
42726,A
2227,A
14505,A
2215,A
2218,A
9227,A
9231,A
9232,A
9235,A
9586,A
5319,A
5327,A
9247,A
9249,A
53312,A
23217,A
23220,A
23225,A
5316,A
5329,A
25117,A
25118,A
23229,A
23233,A
23236,A
23237,A
14512,A
7918,A
2224,A
44262,A
7935,A
7936,A
7946,A
7948,A
14510,A
44270,A
44273,A
44274,A
44276,A
44258,A
13798,A
44283,A
44284,A
44286,A
5871,A
5873,A
5878,A
23200,A
23201,A
25169,A
25172,A
25177,A
5865,A
5866,A
53302,A
9582,A
9585,A
5880,A
9589,A
9225,A
23139,A
25185,A
25188,A
5261,A
23159,A
5263,A
5268,A
5282,A
5288,A
25119,A
25130,A
25141,A
25144,A
8115,A
13793,A
13794,A
42660,A
42664,A
42640,A
42646,A
42670,A
42678,A
42679,A
42684,A
42653,A
42628,A
42687,A
42691,A
2211,A
42667,A
53265,A
53276,A
53279,A
180,A
25202,A
53290,A
53293,A
195,A
23101,A
23105,A
23109,A
25207,A
5291,A
25198,A
25200,A
23117,A
25225,A
5925,A
23093,A
14513,A
42616,A
42621,A
42622,A
42626,A
42634,A
14533,A
14536,A
14539,A
14548,A
14551,A
42630,A
14553,A
14556,A
44305,A
44310,A
44311,A
44316,A
44317,A
13805,A
25256,A
25257,A
23129,A
23133,A
5916,A
25268,A
25270,A
25234,A
25237,A
25285,A
25296,A
25301,A
25259,A
25264,A
182,A
160,A
164,A
1964,A
1965,A
44322,A
44323,A
44325,A
44328,A
44338,A
1955,A
1957,A
1963,A
42596,A
42577,A
42584,A
42545,A
42597,A
53245,A
53247,A
156,A
9624,A
5896,A
25305,A
23082,A
23083,A
9633,A
23084,A
23090,A
23091,A
5890,A
5894,A
25328,A
5903,A
14563,A
14564,A
42553,A
42560,A
14582,A
7884,A
7891,A
7898,A
1968,A
1969,A
1973,A
1977,A
1982,A
7905,A
1983,A
1984,A
1985,A
1986,A
13757,A
13761,A
1967,A
23070,A
25356,A
23043,A
23048,A
25338,A
25375,A
23059,A
53236,A
53237,A
23076,A
9258,A
9599,A
9610,A
9612,A
13762,A
8083,A
8094,A
8099,A
42490,A
8106,A
8107,A
8110,A
8112,A
42494,A
2247,A
2257,A
2262,A
42509,A
2266,A
42493,A
53198,A
53201,A
53203,A
53183,A
25411,A
23010,A
25381,A
25390,A
25396,A
25413,A
25415,A
23022,A
23026,A
25344,A
25347,A
23037,A
23039,A
25412,A
42460,A
42468,A
42502,A
42503,A
14594,A
7907,A
7908,A
7909,A
7912,A
14584,A
14586,A
14606,A
14613,A
14591,A
42410,A
42412,A
42415,A
14605,A
22961,A
5229,A
5232,A
5233,A
53159,A
53162,A
22967,A
22979,A
22980,A
5243,A
53177,A
53179,A
53140,A
53148,A
53152,A
53195,A
53196,A
53197,A
53163,A
53170,A
25457,A
22991,A
22993,A
22994,A
23001,A
25487,A
25489,A
25433,A
25441,A
25506,A
25508,A
25512,A
25477,A
25485,A
25418,A
5219,A
5221,A
42419,A
42435,A
44347,A
44348,A
42446,A
42448,A
42453,A
42454,A
44344,A
44365,A
44379,A
44353,A
22935,A
9683,A
53136,A
53137,A
9667,A
25519,A
25525,A
25549,A
5943,A
5947,A
25427,A
25429,A
25542,A
42352,A
44389,A
44390,A
42354,A
42367,A
42343,A
42346,A
42397,A
42401,A
42377,A
42378,A
42380,A
44407,A
44412,A
44436,A
44437,A
44419,A
44420,A
42320,A
42334,A
44451,A
14648,A
42336,A
14623,A
14628,A
14631,A
14657,A
14660,A
14642,A
22898,A
22907,A
5195,A
53126,A
22909,A
22912,A
22918,A
5196,A
5202,A
9664,A
53115,A
53116,A
53120,A
53124,A
9668,A
9679,A
9649,A
2310,A
2283,A
2286,A
2289,A
14652,A
14654,A
42297,A
44463,A
44465,A
44466,A
44475,A
42296,A
44490,A
44493,A
44481,A
44482,A
44483,A
44484,A
25589,A
25590,A
25553,A
22848,A
22850,A
22851,A
22852,A
22853,A
25588,A
22859,A
22860,A
22866,A
25593,A
22847,A
22877,A
25550,A
25551,A
5172,A
5175,A
5176,A
225,A
53102,A
53096,A
197,A
25599,A
25611,A
53103,A
25638,A
25639,A
25641,A
25623,A
25643,A
25645,A
25660,A
25664,A
25635,A
44506,A
44510,A
44512,A
14662,A
14666,A
14668,A
14677,A
14703,A
42272,A
42279,A
14678,A
14688,A
14689,A
13732,A
13715,A
13716,A
25698,A
25673,A
25674,A
25678,A
22834,A
5170,A
5171,A
25703,A
25705,A
5137,A
25685,A
25697,A
53095,A
5157,A
199,A
53087,A
13742,A
13744,A
13745,A
13746,A
13728,A
42208,A
42209,A
44517,A
44528,A
42235,A
42236,A
42214,A
14721,A
42240,A
42241,A
42244,A
42223,A
42228,A
9727,A
53080,A
9706,A
9711,A
9716,A
6017,A
9723,A
9724,A
22796,A
22804,A
22805,A
22808,A
22811,A
5165,A
25708,A
25710,A
22820,A
22827,A
22828,A
14733,A
42178,A
42183,A
14749,A
14752,A
44536,A
44547,A
42179,A
13704,A
13706,A
44551,A
25713,A
25715,A
25716,A
25717,A
25719,A
25722,A
25723,A
22780,A
22783,A
25729,A
25742,A
25743,A
9693,A
22786,A
5988,A
5991,A
5993,A
5994,A
22773,A
9695,A
9696,A
9704,A
53073,A
53077,A
44566,A
44572,A
44575,A
13685,A
13689,A
13691,A
42099,A
42100,A
42107,A
42138,A
42116,A
42117,A
42122,A
42159,A
42165,A
42169,A
42127,A
42135,A
42137,A
53063,A
53067,A
53069,A
53041,A
53045,A
25776,A
25778,A
6010,A
25750,A
25755,A
25794,A
25796,A
25766,A
25767,A
25774,A
5098,A
5103,A
5117,A
25787,A
22750,A
22752,A
5118,A
5122,A
5126,A
22762,A
22734,A
22741,A
53014,A
22767,A
5130,A
22753,A
53030,A
53031,A
53034,A
53008,A
2333,A
2343,A
42074,A
42076,A
2330,A
42148,A
42094,A
2347,A
2349,A
2354,A
2360,A
44577,A
44582,A
44583,A
44598,A
44601,A
44602,A
44589,A
44591,A
25831,A
25832,A
25841,A
22663,A
22687,A
22688,A
25820,A
22719,A
22695,A
22698,A
22703,A
22704,A
22725,A
22706,A
22707,A
22711,A
44610,A
42050,A
42051,A
42053,A
42055,A
42056,A
42059,A
7849,A
7850,A
42068,A
14758,A
14761,A
7862,A
42069,A
14768,A
7844,A
52986,A
52988,A
52990,A
52961,A
52971,A
52974,A
25869,A
25878,A
52983,A
25880,A
25888,A
25889,A
25891,A
25897,A
25861,A
22673,A
22676,A
22637,A
22639,A
22645,A
22650,A
22651,A
41983,A
41987,A
7855,A
7859,A
7861,A
42017,A
42025,A
41995,A
41963,A
42016,A
14791,A
41974,A
7880,A
41947,A
41948,A
41960,A
25931,A
5056,A
25949,A
25950,A
25951,A
9766,A
9768,A
9770,A
5048,A
5051,A
5053,A
52926,A
52930,A
52947,A
52948,A
14808,A
14784,A
14786,A
44623,A
44625,A
14794,A
14797,A
14806,A
13622,A
13629,A
13638,A
13640,A
13642,A
13644,A
44626,A
22604,A
5058,A
5065,A
5068,A
5069,A
5076,A
22627,A
22629,A
6054,A
6055,A
22597,A
22603,A
5084,A
25955,A
22607,A
22610,A
22620,A
22622,A
25915,A
25918,A
25922,A
22633,A
22634,A
22635,A
9745,A
9748,A
9749,A
9765,A
269,A
25957,A
25959,A
25962,A
25965,A
25966,A
25967,A
26015,A
25969,A
25989,A
6049,A
26020,A
26025,A
26010,A
41906,A
13650,A
13660,A
13665,A
14821,A
14822,A
14827,A
41895,A
41902,A
14829,A
14836,A
14838,A
14843,A
14844,A
14847,A
41918,A
41922,A
14828,A
6042,A
22586,A
22591,A
6046,A
26043,A
253,A
52916,A
52918,A
52923,A
271,A
272,A
9734,A
9740,A
251,A
44651,A
44634,A
44635,A
44636,A
44637,A
2373,A
2375,A
44659,A
2386,A
2390,A
2391,A
2366,A
41875,A
2378,A
2382,A
26058,A
26061,A
22505,A
22508,A
22525,A
22529,A
22563,A
22566,A
6022,A
26027,A
26032,A
22556,A
22558,A
22562,A
14877,A
41853,A
41855,A
14854,A
14881,A
14886,A
14887,A
14888,A
14864,A
14868,A
14876,A
41865,A
41869,A
44677,A
44685,A
44686,A
44688,A
52907,A
52908,A
9774,A
9779,A
26075,A
9207,A
9219,A
52912,A
9186,A
26078,A
26094,A
22488,A
5034,A
26069,A
26070,A
22516,A
22492,A
22494,A
22495,A
22497,A
44707,A
44708,A
44691,A
44699,A
41780,A
41782,A
41783,A
41785,A
41788,A
41793,A
1916,A
41828,A
41829,A
41797,A
41845,A
41849,A
41822,A
41825,A
26116,A
52875,A
52891,A
52858,A
52867,A
26164,A
26121,A
26139,A
26140,A
26112,A
26173,A
26177,A
4968,A
26149,A
26155,A
26157,A
52892,A
52898,A
14909,A
14914,A
41760,A
41761,A
41775,A
14929,A
14930,A
14933,A
14937,A
14940,A
41770,A
41772,A
13609,A
8146,A
13590,A
1938,A
1944,A
6083,A
4982,A
4983,A
26196,A
22456,A
22461,A
22470,A
22475,A
52838,A
52843,A
4995,A
52869,A
52871,A
52872,A
52847,A
52849,A
44719,A
44725,A
13599,A
13601,A
13603,A
41727,A
41712,A
41738,A
41661,A
41740,A
41745,A
41747,A
26203,A
26213,A
9816,A
52816,A
52819,A
52820,A
26225,A
26199,A
26202,A
22434,A
22439,A
4984,A
4985,A
6056,A
6059,A
6062,A
41655,A
41678,A
41679,A
41680,A
44740,A
41687,A
41691,A
41693,A
41697,A
41698,A
13568,A
13569,A
13570,A
44754,A
44736,A
22387,A
22389,A
4934,A
4944,A
4945,A
26234,A
22406,A
22412,A
22419,A
22376,A
22377,A
22378,A
52787,A
52794,A
52808,A
22396,A
9794,A
9796,A
52812,A
9220,A
13561,A
13564,A
13567,A
7810,A
41624,A
41628,A
13571,A
8116,A
7827,A
7836,A
41637,A
14946,A
14949,A
14950,A
7812,A
7814,A
7819,A
26265,A
52755,A
52759,A
26269,A
26277,A
26280,A
26287,A
26290,A
26291,A
26241,A
26247,A
26292,A
26297,A
26298,A
26312,A
2420,A
2402,A
2403,A
41641,A
41600,A
41603,A
41605,A
2409,A
2410,A
2415,A
2418,A
41614,A
41622,A
2425,A
8136,A
44764,A
44767,A
22345,A
22351,A
26330,A
26336,A
6128,A
22359,A
22360,A
22362,A
22367,A
22341,A
52729,A
52731,A
52735,A
52737,A
52739,A
22373,A
22375,A
52760,A
52761,A
52763,A
52744,A
52747,A
310,A
9847,A
304,A
9154,A
9161,A
9168,A
309,A
9833,A
9835,A
26379,A
26356,A
6110,A
22337,A
6093,A
6095,A
6096,A
6107,A
8129,A
44809,A
44812,A
44814,A
44795,A
44802,A
41590,A
41562,A
14996,A
15001,A
41531,A
41534,A
4901,A
4887,A
4888,A
22318,A
22285,A
22291,A
22293,A
22295,A
22298,A
4895,A
52728,A
282,A
284,A
22300,A
22312,A
22313,A
9826,A
9829,A
52724,A
52725,A
52726,A
41541,A
41543,A
7842,A
14958,A
14961,A
14962,A
14967,A
44831,A
44837,A
44840,A
14977,A
14981,A
14982,A
44865,A
44850,A
44825,A
9896,A
52709,A
9868,A
9869,A
9875,A
26438,A
22244,A
22327,A
4913,A
4919,A
22249,A
22250,A
22251,A
26413,A
26419,A
22260,A
22245,A
44857,A
44860,A
41472,A
41473,A
41474,A
41480,A
41483,A
41484,A
41470,A
41441,A
41447,A
26486,A
26491,A
26459,A
26463,A
26469,A
22227,A
26475,A
52696,A
52697,A
52698,A
22203,A
9885,A
9181,A
9183,A
15020,A
41450,A
15007,A
41438,A
15035,A
15038,A
15011,A
15012,A
15013,A
44891,A
44893,A
15023,A
15031,A
15034,A
13557,A
13523,A
13529,A
13533,A
26519,A
26521,A
22235,A
22243,A
26500,A
22195,A
26529,A
26515,A
26518,A
26554,A
26555,A
26526,A
22270,A
26536,A
26543,A
44900,A
1880,A
13554,A
2450,A
2452,A
2434,A
13559,A
44898,A
2441,A
15057,A
41426,A
2454,A
52675,A
52677,A
52678,A
52653,A
52655,A
4871,A
4878,A
52669,A
52670,A
22193,A
6167,A
22164,A
22167,A
26559,A
22169,A
22174,A
15070,A
15074,A
15076,A
15077,A
15079,A
15082,A
15083,A
15090,A
15092,A
15099,A
1889,A
1890,A
1892,A
15101,A
41396,A
41404,A
1906,A
1907,A
1913,A
26595,A
26596,A
26601,A
26563,A
26607,A
6133,A
52620,A
6145,A
6153,A
52662,A
52631,A
52633,A
52646,A
52651,A
9942,A
44908,A
44910,A
44921,A
44927,A
44950,A
41363,A
41369,A
41379,A
8193,A
13477,A
13485,A
13488,A
13489,A
13490,A
13493,A
13495,A
8191,A
41287,A
13498,A
13503,A
13505,A
41276,A
41298,A
41304,A
26612,A
26630,A
26631,A
4787,A
22100,A
4794,A
4796,A
4800,A
4809,A
22110,A
22125,A
22126,A
22091,A
26570,A
26592,A
41237,A
7798,A
41226,A
41264,A
41228,A
41234,A
41243,A
44976,A
44957,A
9923,A
9924,A
9927,A
9933,A
9936,A
4834,A
26637,A
26647,A
26653,A
26659,A
26660,A
26661,A
26663,A
4820,A
26690,A
26668,A
44983,A
44984,A
44987,A
41192,A
41199,A
44993,A
45009,A
7774,A
7775,A
7776,A
41208,A
15112,A
7791,A
7793,A
7795,A
15122,A
22080,A
22084,A
22048,A
22054,A
22058,A
52580,A
52582,A
22064,A
22074,A
22079,A
52591,A
52595,A
52597,A
52600,A
52601,A
52602,A
52574,A
9906,A
9913,A
9916,A
52587,A
41135,A
41139,A
41149,A
41174,A
41175,A
41160,A
41185,A
41186,A
45015,A
45023,A
41177,A
4743,A
4750,A
4754,A
26734,A
26735,A
4758,A
4765,A
26753,A
4729,A
4779,A
26756,A
26759,A
4756,A
26717,A
8158,A
45027,A
45030,A
45031,A
13473,A
8175,A
8181,A
8185,A
8186,A
13475,A
15127,A
15129,A
15133,A
2477,A
15143,A
15150,A
15151,A
7801,A
9986,A
9988,A
9989,A
361,A
367,A
368,A
26797,A
26799,A
26803,A
26805,A
26786,A
26787,A
26813,A
26815,A
26819,A
26823,A
26795,A
26796,A
26750,A
26826,A
26828,A
41094,A
15140,A
41104,A
41105,A
41106,A
41107,A
41111,A
41122,A
41124,A
41125,A
2463,A
41099,A
41024,A
2465,A
2466,A
2469,A
2471,A
2472,A
4693,A
4700,A
22034,A
9944,A
26865,A
9947,A
9956,A
9959,A
9960,A
344,A
9969,A
9976,A
9978,A
9982,A
41033,A
41009,A
41042,A
41044,A
45039,A
45043,A
45048,A
13439,A
1838,A
1845,A
22001,A
22004,A
22005,A
21888,A
21898,A
6198,A
6199,A
6200,A
4722,A
4725,A
21988,A
6207,A
22008,A
22036,A
6210,A
6213,A
22011,A
22013,A
22015,A
13450,A
13464,A
13431,A
40987,A
40988,A
40991,A
15163,A
13446,A
13447,A
15166,A
15169,A
15171,A
15172,A
15174,A
40931,A
15196,A
15198,A
52559,A
52562,A
52570,A
21986,A
319,A
338,A
342,A
52557,A
26868,A
26872,A
26874,A
26881,A
26886,A
21967,A
21912,A
26903,A
26905,A
26906,A
26909,A
40937,A
40952,A
40927,A
40928,A
40979,A
40957,A
40958,A
1878,A
40976,A
45069,A
1867,A
9132,A
9133,A
10005,A
26919,A
26921,A
26925,A
21920,A
21925,A
26938,A
26947,A
26949,A
26957,A
26958,A
26959,A
26916,A
52536,A
26969,A
26973,A
26975,A
4656,A
4659,A
45104,A
45108,A
45077,A
45079,A
45062,A
40883,A
40892,A
40895,A
2544,A
45099,A
40898,A
40901,A
2515,A
2518,A
2519,A
40909,A
21880,A
21885,A
6217,A
6219,A
6220,A
6233,A
6235,A
6237,A
52501,A
4672,A
4679,A
9114,A
9131,A
52510,A
2540,A
15225,A
2510,A
15260,A
15262,A
15228,A
15230,A
15241,A
45155,A
45114,A
45118,A
15242,A
15250,A
45163,A
45164,A
45165,A
45129,A
45134,A
52491,A
52464,A
52467,A
26988,A
26989,A
52474,A
52478,A
52485,A
52487,A
26994,A
27015,A
26979,A
4667,A
27047,A
27050,A
27020,A
27024,A
45174,A
45180,A
45160,A
7744,A
7745,A
15267,A
15273,A
7760,A
7735,A
7741,A
40857,A
7751,A
21829,A
21830,A
21831,A
21835,A
21837,A
21839,A
27065,A
27074,A
27079,A
21842,A
52438,A
21864,A
52442,A
52451,A
52458,A
52459,A
40820,A
40780,A
40797,A
40833,A
40809,A
40815,A
40842,A
40848,A
40823,A
13390,A
45190,A
45193,A
45197,A
40835,A
27085,A
27088,A
21759,A
21763,A
21805,A
21785,A
21786,A
27110,A
27111,A
21789,A
21793,A
21799,A
21801,A
27055,A
21818,A
21810,A
21816,A
13406,A
13378,A
13385,A
13414,A
13416,A
13417,A
13418,A
40730,A
40749,A
40735,A
10023,A
10032,A
10012,A
10019,A
6294,A
27115,A
27121,A
27122,A
27132,A
10021,A
21744,A
27137,A
27147,A
21772,A
21774,A
6298,A
21736,A
40664,A
40761,A
40763,A
40764,A
40682,A
15304,A
15308,A
40658,A
40687,A
40669,A
45216,A
40703,A
4625,A
27153,A
27198,A
4639,A
4640,A
4646,A
27175,A
4619,A
52408,A
52409,A
52411,A
27193,A
27194,A
27196,A
10020,A
52414,A
52423,A
52425,A
52407,A
45219,A
45220,A
45222,A
45228,A
45206,A
40629,A
40638,A
40641,A
40648,A
40650,A
40626,A
40627,A
15297,A
15298,A
40655,A
15280,A
15282,A
40635,A
27215,A
21717,A
52392,A
52393,A
52399,A
52402,A
21729,A
27203,A
27205,A
27219,A
6259,A
6265,A
27158,A
27161,A
6281,A
6291,A
40610,A
15285,A
15288,A
15294,A
15295,A
15311,A
15312,A
15313,A
15320,A
15325,A
40597,A
40598,A
40624,A
15332,A
15337,A
40617,A
45264,A
45267,A
15354,A
15357,A
4600,A
4610,A
4577,A
4579,A
27248,A
27251,A
27260,A
27261,A
27263,A
4599,A
52373,A
410,A
52353,A
52381,A
52383,A
52384,A
52385,A
52358,A
45283,A
13329,A
45259,A
13332,A
13337,A
13341,A
45278,A
2559,A
13352,A
40596,A
2575,A
2578,A
2580,A
2583,A
2557,A
10094,A
10099,A
10075,A
21710,A
21692,A
21697,A
21702,A
27292,A
21705,A
27223,A
27238,A
27282,A
15374,A
40581,A
40588,A
15396,A
15402,A
15403,A
40561,A
40567,A
15388,A
45308,A
45309,A
45294,A
45295,A
45299,A
45300,A
45303,A
21666,A
27331,A
21638,A
21641,A
21650,A
21663,A
393,A
396,A
402,A
27334,A
10087,A
10090,A
10067,A
45338,A
45317,A
45321,A
45305,A
40503,A
40509,A
40513,A
45333,A
45335,A
40521,A
40524,A
40556,A
40557,A
40531,A
40532,A
40545,A
373,A
375,A
382,A
52326,A
52332,A
52339,A
27363,A
52340,A
27377,A
21601,A
21606,A
27370,A
21587,A
21591,A
27309,A
27311,A
27315,A
27322,A
27326,A
21623,A
40442,A
40443,A
40550,A
40554,A
40452,A
40456,A
40459,A
40487,A
40464,A
40466,A
40468,A
2597,A
40471,A
40483,A
6331,A
6335,A
4547,A
4552,A
4559,A
4565,A
4566,A
21563,A
6326,A
52290,A
52292,A
6336,A
6338,A
52298,A
52309,A
52281,A
52285,A
2613,A
2615,A
2618,A
40431,A
2626,A
40417,A
40419,A
2600,A
45348,A
45349,A
40425,A
40426,A
45369,A
45371,A
45372,A
45357,A
45339,A
45344,A
27388,A
27390,A
27499,A
4502,A
21528,A
27400,A
27420,A
4576,A
21525,A
4570,A
27380,A
21529,A
45386,A
45389,A
45367,A
40400,A
40387,A
40392,A
15435,A
15455,A
15456,A
15414,A
15423,A
15427,A
15428,A
13298,A
15430,A
9089,A
9091,A
9095,A
52265,A
52269,A
52277,A
27439,A
27446,A
27449,A
27450,A
6319,A
27484,A
27438,A
13290,A
13319,A
45409,A
40331,A
40338,A
40342,A
40320,A
40326,A
40350,A
40351,A
40360,A
4506,A
4509,A
4510,A
4515,A
21509,A
4526,A
4529,A
21477,A
21479,A
21483,A
21489,A
21520,A
4537,A
21491,A
21494,A
21495,A
21499,A
21500,A
10124,A
21510,A
21514,A
15464,A
40295,A
40298,A
40304,A
7706,A
15462,A
1803,A
1813,A
7715,A
45419,A
1830,A
1831,A
1832,A
52218,A
52219,A
52221,A
52225,A
52232,A
52240,A
52241,A
52212,A
27524,A
27526,A
27506,A
27561,A
27544,A
45428,A
45417,A
40275,A
40263,A
40264,A
40291,A
40294,A
40270,A
40219,A
40220,A
40223,A
40228,A
40287,A
40288,A
40233,A
40236,A
15480,A
15496,A
15497,A
2661,A
2664,A
40176,A
15555,A
2660,A
27590,A
21425,A
21427,A
21467,A
21470,A
21452,A
27608,A
27610,A
21458,A
21461,A
52192,A
52193,A
52194,A
40208,A
40183,A
40189,A
45439,A
45446,A
40196,A
40205,A
13245,A
45435,A
13250,A
13252,A
9109,A
423,A
431,A
447,A
4457,A
4463,A
4467,A
10145,A
10146,A
21410,A
21415,A
21423,A
4486,A
21400,A
21404,A
40151,A
2634,A
13269,A
13271,A
2645,A
2648,A
40146,A
2656,A
15535,A
2637,A
2642,A
15547,A
2649,A
2651,A
15572,A
40098,A
40110,A
7653,A
7664,A
7666,A
15566,A
7669,A
40136,A
40142,A
15580,A
45473,A
45481,A
45456,A
27644,A
27663,A
4497,A
4498,A
27629,A
21380,A
27675,A
27677,A
27678,A
27679,A
420,A
27689,A
27695,A
27696,A
27666,A
27667,A
52187,A
13233,A
13235,A
40031,A
8216,A
8221,A
40039,A
40042,A
15617,A
39978,A
40081,A
40082,A
40083,A
40048,A
52182,A
52183,A
52186,A
10201,A
9043,A
9054,A
27699,A
27705,A
9056,A
9057,A
27710,A
21356,A
21361,A
21382,A
21388,A
21392,A
21367,A
21372,A
39979,A
39984,A
40017,A
15609,A
40018,A
7687,A
15589,A
15591,A
45504,A
45510,A
45512,A
45515,A
15593,A
45548,A
45517,A
45521,A
45527,A
27723,A
21346,A
21350,A
21351,A
4417,A
27739,A
27746,A
27714,A
27717,A
4426,A
27754,A
9055,A
10178,A
10179,A
45559,A
45562,A
45529,A
15638,A
39931,A
39938,A
39942,A
45549,A
15655,A
15662,A
15663,A
39952,A
39954,A
15678,A
39961,A
15646,A
15649,A
52136,A
52148,A
52108,A
52115,A
52117,A
52118,A
52165,A
52169,A
52134,A
21311,A
4434,A
4435,A
4436,A
4438,A
4443,A
21328,A
21331,A
21340,A
15702,A
15688,A
15689,A
15691,A
15722,A
15726,A
15700,A
15728,A
39917,A
39921,A
39927,A
45585,A
45566,A
45567,A
27775,A
27778,A
27779,A
27867,A
27868,A
27805,A
27807,A
27810,A
27784,A
27791,A
27793,A
27795,A
27813,A
27814,A
27816,A
27817,A
27799,A
27803,A
52097,A
52100,A
52103,A
10220,A
9063,A
27834,A
10239,A
10240,A
52080,A
52087,A
27848,A
27822,A
27827,A
27871,A
27872,A
27849,A
27862,A
45605,A
45589,A
45591,A
45592,A
45594,A
45595,A
45599,A
39870,A
39875,A
39878,A
39844,A
39915,A
39884,A
39833,A
39834,A
39835,A
39837,A
39859,A
39861,A
39850,A
39853,A
2674,A
2678,A
45643,A
45632,A
21292,A
27883,A
27885,A
27890,A
6339,A
6340,A
6351,A
52077,A
52078,A
6363,A
27888,A
27889,A
10204,A
10212,A
52067,A
52068,A
52070,A
39813,A
1772,A
1774,A
45638,A
15736,A
15739,A
39793,A
39794,A
39811,A
39829,A
15763,A
39816,A
1783,A
15773,A
39820,A
39824,A
39827,A
52032,A
52033,A
52039,A
52044,A
52023,A
27903,A
27907,A
27894,A
27896,A
27944,A
27946,A
27948,A
27920,A
1790,A
1780,A
45667,A
45671,A
45654,A
45657,A
39778,A
39779,A
39757,A
39786,A
39788,A
39768,A
468,A
469,A
470,A
10266,A
10270,A
27975,A
27978,A
27959,A
483,A
51983,A
51987,A
51989,A
39720,A
39723,A
39725,A
39784,A
15795,A
15799,A
15800,A
15802,A
15775,A
15776,A
15782,A
15784,A
45677,A
15808,A
15814,A
39735,A
15788,A
15793,A
13188,A
13193,A
13199,A
13205,A
45673,A
45674,A
21249,A
4389,A
4390,A
21253,A
21258,A
21264,A
28001,A
28002,A
21277,A
472,A
479,A
51975,A
454,A
39676,A
7643,A
39651,A
39657,A
39659,A
39682,A
39695,A
39663,A
39669,A
39700,A
39707,A
39713,A
39714,A
51960,A
51938,A
51939,A
51941,A
51946,A
51952,A
51962,A
51963,A
51966,A
51970,A
51953,A
51958,A
28042,A
28018,A
28020,A
28026,A
28027,A
28043,A
4384,A
15817,A
39614,A
39615,A
39623,A
7616,A
7620,A
39633,A
39636,A
7625,A
7627,A
7629,A
7631,A
45711,A
45713,A
45695,A
7622,A
28090,A
28102,A
28109,A
4408,A
21203,A
21205,A
21208,A
4412,A
21215,A
21217,A
51922,A
51923,A
51930,A
21237,A
45719,A
45725,A
45705,A
45707,A
45740,A
45742,A
2717,A
2718,A
2704,A
45726,A
45733,A
39612,A
39613,A
2736,A
10305,A
10308,A
51901,A
10309,A
10311,A
10312,A
10313,A
10319,A
10320,A
51909,A
28077,A
10323,A
51917,A
28083,A
28084,A
28066,A
28067,A
28069,A
39579,A
39581,A
15832,A
15844,A
39575,A
39597,A
15848,A
15852,A
15854,A
15858,A
13149,A
45745,A
45749,A
45757,A
45761,A
28117,A
28118,A
21167,A
21176,A
28123,A
28110,A
28113,A
28152,A
28154,A
28145,A
51906,A
28147,A
28148,A
28150,A
28151,A
13152,A
13154,A
13158,A
45768,A
39515,A
39516,A
13183,A
13184,A
39520,A
39527,A
39528,A
39530,A
39505,A
39569,A
39549,A
39517,A
51839,A
51857,A
51826,A
51886,A
51859,A
51866,A
51868,A
28156,A
28160,A
28161,A
28163,A
51880,A
51885,A
21153,A
21154,A
28166,A
28171,A
39489,A
39490,A
39493,A
39494,A
39557,A
15865,A
15867,A
15874,A
39483,A
39484,A
39501,A
39503,A
15877,A
15886,A
45788,A
45794,A
15901,A
15904,A
15906,A
28183,A
28188,A
28192,A
28287,A
28262,A
28195,A
28199,A
28172,A
28173,A
28219,A
28226,A
21136,A
21141,A
21143,A
6379,A
6382,A
51835,A
6388,A
6403,A
6405,A
45831,A
45834,A
45836,A
45800,A
45819,A
45837,A
45846,A
45848,A
45849,A
45824,A
39434,A
39440,A
39469,A
39470,A
39453,A
10343,A
51816,A
494,A
518,A
524,A
9016,A
9024,A
512,A
10329,A
28236,A
9034,A
28246,A
28261,A
28227,A
45853,A
45857,A
45859,A
45860,A
45861,A
13109,A
13113,A
13116,A
13119,A
45864,A
45869,A
39357,A
13123,A
13136,A
13139,A
45876,A
39389,A
39395,A
15949,A
28296,A
51804,A
51805,A
51808,A
51809,A
28300,A
28295,A
21091,A
21095,A
21098,A
28298,A
28299,A
506,A
21111,A
21114,A
39398,A
15928,A
15929,A
15909,A
39325,A
39326,A
39328,A
15937,A
15938,A
15944,A
15913,A
15918,A
7597,A
7602,A
39305,A
28314,A
28318,A
21119,A
21122,A
28353,A
4340,A
28340,A
51763,A
51771,A
51738,A
51781,A
51790,A
51749,A
51751,A
2764,A
2767,A
2769,A
2739,A
2773,A
2774,A
39314,A
39317,A
1753,A
1725,A
1727,A
1728,A
1729,A
1738,A
1742,A
1749,A
10359,A
9036,A
10370,A
4355,A
4369,A
4370,A
4380,A
28303,A
28308,A
28382,A
28385,A
4381,A
45896,A
45900,A
1758,A
1764,A
45880,A
39280,A
39285,A
39286,A
45888,A
45889,A
15955,A
15956,A
39292,A
39296,A
39297,A
7592,A
28391,A
28394,A
28443,A
28444,A
21048,A
28390,A
21065,A
21068,A
51685,A
51694,A
51699,A
21078,A
39230,A
39231,A
39232,A
7576,A
39260,A
39261,A
39275,A
39279,A
45902,A
45904,A
45915,A
45919,A
45920,A
45945,A
15986,A
15988,A
39224,A
15975,A
16002,A
16005,A
16014,A
16015,A
15976,A
558,A
559,A
564,A
28411,A
28416,A
28417,A
51673,A
51674,A
51678,A
28436,A
28439,A
28442,A
28420,A
28421,A
28422,A
28427,A
28445,A
39178,A
39151,A
39155,A
39159,A
39186,A
39165,A
45956,A
13094,A
39190,A
39202,A
39203,A
8244,A
8246,A
45953,A
28463,A
28465,A
28456,A
28473,A
28475,A
28461,A
51669,A
540,A
542,A
548,A
549,A
51664,A
8252,A
8254,A
8260,A
8264,A
8267,A
45959,A
45963,A
45964,A
45966,A
45969,A
8247,A
39143,A
39111,A
39116,A
39126,A
8265,A
16018,A
16020,A
16031,A
16041,A
39137,A
10412,A
10413,A
6449,A
6451,A
28503,A
10423,A
10424,A
10425,A
10426,A
20997,A
20998,A
6448,A
28458,A
21017,A
20982,A
39101,A
39103,A
16044,A
16054,A
39149,A
39150,A
16070,A
16073,A
16077,A
45985,A
16087,A
16092,A
16096,A
28514,A
28517,A
28518,A
28520,A
28521,A
28570,A
28576,A
4308,A
4314,A
4299,A
20973,A
20975,A
20976,A
20977,A
4305,A
10402,A
10407,A
51650,A
45992,A
45994,A
46001,A
45973,A
46018,A
46021,A
46010,A
39078,A
39061,A
46014,A
39086,A
39067,A
39073,A
51597,A
51604,A
51614,A
51629,A
51579,A
51582,A
4316,A
51638,A
51640,A
51646,A
6427,A
6433,A
28579,A
28556,A
28565,A
4321,A
7555,A
39025,A
39081,A
2806,A
39026,A
2783,A
39028,A
2804,A
39005,A
39010,A
38990,A
16110,A
16114,A
39001,A
46031,A
46033,A
16122,A
7536,A
7540,A
7541,A
7547,A
7548,A
13060,A
46025,A
46027,A
13067,A
46035,A
46036,A
13059,A
28603,A
20959,A
28611,A
28613,A
28597,A
28600,A
51567,A
28619,A
28624,A
28608,A
10459,A
10461,A
10463,A
616,A
51556,A
13083,A
13085,A
13087,A
13089,A
46039,A
7562,A
38952,A
38956,A
16156,A
38975,A
16124,A
16125,A
16138,A
16145,A
46060,A
46043,A
606,A
10436,A
20930,A
20932,A
28635,A
10452,A
20944,A
20949,A
28650,A
28651,A
28655,A
28657,A
46102,A
46104,A
46077,A
38909,A
46094,A
38902,A
38946,A
38950,A
38921,A
38930,A
28691,A
28702,A
28668,A
28674,A
28679,A
28680,A
28706,A
28685,A
28687,A
577,A
28727,A
28728,A
587,A
588,A
51554,A
566,A
572,A
574,A
38883,A
38886,A
38890,A
16204,A
16183,A
16186,A
16190,A
38899,A
38900,A
16166,A
46111,A
46114,A
16194,A
16199,A
16202,A
13020,A
46121,A
46124,A
12991,A
46109,A
46110,A
10496,A
10501,A
10503,A
51545,A
20875,A
20877,A
10507,A
51550,A
20894,A
20873,A
20913,A
28752,A
20882,A
13029,A
13051,A
46133,A
13003,A
13012,A
13019,A
38833,A
16246,A
38810,A
38812,A
38813,A
38827,A
38828,A
38831,A
38876,A
38878,A
38879,A
38838,A
38842,A
4279,A
4281,A
4290,A
4262,A
20846,A
20855,A
20859,A
4293,A
6492,A
51541,A
51543,A
51544,A
20839,A
10470,A
10477,A
10483,A
10487,A
51532,A
38790,A
38793,A
38801,A
38775,A
38781,A
16215,A
16216,A
16219,A
16220,A
16222,A
16223,A
38794,A
16252,A
16225,A
16227,A
16229,A
16231,A
16233,A
51481,A
51487,A
51499,A
51504,A
51509,A
51511,A
28761,A
51520,A
51524,A
28801,A
28770,A
28773,A
28774,A
28784,A
16260,A
16261,A
16264,A
16249,A
38771,A
16269,A
16270,A
16274,A
16278,A
46164,A
46139,A
16290,A
16293,A
46177,A
46178,A
1696,A
1697,A
46157,A
46159,A
46160,A
28829,A
28833,A
28834,A
20804,A
20805,A
28820,A
6486,A
20809,A
20814,A
20820,A
6462,A
51457,A
51462,A
51463,A
6478,A
6484,A
51465,A
51467,A
51454,A
51455,A
51442,A
51449,A
8987,A
28858,A
6487,A
28835,A
28840,A
9000,A
28867,A
28878,A
28880,A
28881,A
28885,A
28886,A
28888,A
28890,A
28897,A
1699,A
1700,A
1701,A
1703,A
1704,A
1710,A
38713,A
38719,A
38721,A
38756,A
38757,A
38735,A
38736,A
2819,A
2831,A
38751,A
38755,A
20765,A
20772,A
20773,A
20744,A
20784,A
20797,A
20754,A
51438,A
51440,A
10516,A
10519,A
8988,A
8990,A
8991,A
8995,A
10526,A
10528,A
2842,A
2852,A
2853,A
1718,A
1720,A
12956,A
12957,A
38694,A
12982,A
12966,A
12967,A
12970,A
12971,A
12973,A
28932,A
4233,A
28925,A
4248,A
20689,A
20690,A
20692,A
20696,A
28913,A
28915,A
20701,A
20713,A
28899,A
28900,A
28906,A
1722,A
1723,A
46183,A
12975,A
12976,A
16346,A
38629,A
38634,A
12984,A
12987,A
38664,A
38637,A
38641,A
38688,A
38689,A
38690,A
38657,A
38658,A
38663,A
51437,A
51409,A
51410,A
51420,A
28948,A
51424,A
51431,A
28961,A
28966,A
28967,A
28942,A
28945,A
28947,A
28928,A
28930,A
28984,A
28986,A
28989,A
28950,A
28953,A
38618,A
38621,A
38599,A
38602,A
38679,A
38627,A
38628,A
16306,A
38609,A
16309,A
16311,A
16318,A
16329,A
38623,A
38625,A
16349,A
38559,A
38568,A
656,A
667,A
28998,A
10551,A
51387,A
29036,A
29039,A
51395,A
51397,A
51398,A
51399,A
51403,A
51365,A
51374,A
16348,A
38592,A
7501,A
7505,A
7507,A
46208,A
7529,A
38580,A
38581,A
38583,A
46211,A
46218,A
46191,A
46194,A
46207,A
20652,A
29068,A
29070,A
6511,A
6514,A
20655,A
20651,A
655,A
630,A
637,A
20654,A
10533,A
647,A
649,A
651,A
654,A
46257,A
46259,A
46235,A
46236,A
46238,A
46245,A
38523,A
38524,A
46253,A
38549,A
38529,A
38530,A
38531,A
38535,A
38537,A
9323,A
38543,A
38545,A
20684,A
10619,A
10623,A
51328,A
51337,A
29090,A
20675,A
20682,A
4187,A
4196,A
4207,A
29056,A
29058,A
4225,A
16359,A
16361,A
16403,A
38511,A
16376,A
46262,A
12949,A
12951,A
12933,A
29113,A
29126,A
29099,A
10577,A
10578,A
29128,A
10584,A
10585,A
10588,A
10601,A
51325,A
10612,A
58,A
12952,A
12953,A
46271,A
12944,A
12945,A
12946,A
38449,A
38442,A
38478,A
38461,A
38464,A
46298,A
46299,A
46283,A
46287,A
51295,A
51296,A
51301,A
51304,A
51306,A
51271,A
51278,A
29152,A
51312,A
51315,A
51318,A
20643,A
20645,A
29156,A
29167,A
29105,A
20641,A
20642,A
46306,A
46308,A
46309,A
46294,A
2881,A
2884,A
16407,A
16408,A
46322,A
16436,A
16420,A
16421,A
16424,A
16427,A
2890,A
2897,A
38419,A
16430,A
16435,A
29199,A
51235,A
51236,A
51241,A
51247,A
29203,A
29204,A
29209,A
29211,A
29217,A
11839,A
29237,A
29238,A
29245,A
29226,A
51279,A
51290,A
51251,A
51254,A
38357,A
38368,A
38369,A
38377,A
38395,A
38404,A
38407,A
46336,A
38412,A
2865,A
46344,A
46349,A
23999,A
20575,A
20581,A
20583,A
20587,A
20589,A
29260,A
53904,A
20591,A
20594,A
20596,A
20600,A
20603,A
51193,A
8925,A
8928,A
8930,A
8946,A
51214,A
51218,A
51219,A
51233,A
703,A
1673,A
46350,A
46354,A
38320,A
38331,A
1657,A
1661,A
1665,A
7474,A
38333,A
38338,A
16450,A
16458,A
38261,A
38346,A
7454,A
10632,A
10637,A
8916,A
690,A
693,A
696,A
10625,A
29273,A
29279,A
29280,A
29286,A
29316,A
29319,A
29299,A
29301,A
29265,A
29271,A
2937,A
38258,A
38259,A
38294,A
38296,A
38300,A
38301,A
38302,A
1677,A
1685,A
38306,A
12903,A
12883,A
12890,A
12892,A
12895,A
12896,A
29343,A
6560,A
6561,A
29322,A
29326,A
29328,A
29331,A
20567,A
29350,A
20536,A
51175,A
51180,A
51182,A
51185,A
20561,A
672,A
673,A
677,A
51172,A
51174,A
10651,A
10655,A
10659,A
10663,A
29353,A
29355,A
29360,A
29361,A
29366,A
10676,A
10683,A
29384,A
29388,A
29389,A
29390,A
29351,A
29340,A
4144,A
4145,A
4152,A
4155,A
4159,A
29383,A
1688,A
1689,A
1690,A
1691,A
12899,A
16482,A
2935,A
7498,A
7499,A
16470,A
2921,A
16492,A
16472,A
16474,A
16475,A
46380,A
16483,A
16486,A
16487,A
16491,A
4161,A
4172,A
20478,A
20522,A
20523,A
20524,A
20528,A
4174,A
20512,A
20518,A
6539,A
6545,A
6556,A
4184,A
29391,A
20521,A
51159,A
51161,A
51162,A
51119,A
51130,A
10727,A
48703,A
51110,A
29421,A
29395,A
29400,A
29401,A
29402,A
29406,A
20458,A
20470,A
29420,A
20481,A
20486,A
29424,A
46388,A
46389,A
46390,A
46393,A
46396,A
46400,A
46421,A
43745,A
46406,A
38220,A
38227,A
46414,A
2903,A
38242,A
16501,A
38168,A
38171,A
38173,A
38179,A
38181,A
16519,A
16524,A
16526,A
16527,A
38183,A
38191,A
16542,A
16546,A
38192,A
16504,A
16508,A
16514,A
46455,A
46423,A
46424,A
46425,A
46428,A
46434,A
46442,A
16529,A
20503,A
29473,A
29454,A
29441,A
29443,A
51100,A
10686,A
10691,A
10692,A
29466,A
10725,A
10701,A
10702,A
10715,A
51033,A
51040,A
51053,A
51054,A
51060,A
51062,A
51063,A
51031,A
29489,A
51087,A
51089,A
51048,A
29426,A
29429,A
29433,A
29511,A
46464,A
46454,A
16586,A
46476,A
46482,A
46484,A
46458,A
46461,A
38128,A
38135,A
38137,A
38163,A
38144,A
38146,A
38147,A
8878,A
8879,A
8884,A
10735,A
8893,A
29557,A
29567,A
29580,A
29540,A
51022,A
51025,A
29583,A
38089,A
38090,A
38096,A
16562,A
16569,A
16570,A
16583,A
16550,A
16607,A
38050,A
38059,A
38063,A
38067,A
16568,A
7414,A
16597,A
16599,A
16608,A
7430,A
38073,A
38075,A
38078,A
12864,A
12865,A
12866,A
12871,A
8280,A
46493,A
20417,A
51012,A
51013,A
51014,A
711,A
712,A
20455,A
20420,A
20423,A
20428,A
20429,A
6611,A
29612,A
20435,A
20438,A
20439,A
721,A
725,A
20456,A
29630,A
6586,A
6594,A
29640,A
50964,A
50967,A
53819,A
50972,A
50991,A
50994,A
50998,A
50988,A
50963,A
46508,A
46509,A
8292,A
8297,A
8298,A
37999,A
38001,A
37985,A
8307,A
38036,A
38014,A
38017,A
46521,A
38021,A
38022,A
46539,A
46541,A
7432,A
46549,A
46550,A
46556,A
46534,A
7450,A
2962,A
2964,A
2971,A
16646,A
16620,A
16622,A
16624,A
7434,A
10787,A
8909,A
8914,A
10762,A
29659,A
29668,A
29674,A
10795,A
50956,A
50958,A
10768,A
29677,A
20364,A
20377,A
20384,A
29697,A
16637,A
37943,A
37945,A
37928,A
37957,A
46557,A
46566,A
2943,A
29706,A
20323,A
20333,A
20334,A
29714,A
29719,A
29704,A
29730,A
29731,A
29712,A
50951,A
4109,A
1613,A
1620,A
46577,A
46586,A
46587,A
1627,A
1633,A
46600,A
37905,A
16647,A
16653,A
37921,A
16678,A
16659,A
16664,A
16669,A
16670,A
50910,A
4123,A
50935,A
50941,A
50907,A
4140,A
20301,A
20303,A
4113,A
20344,A
20306,A
20307,A
20310,A
20311,A
20312,A
20314,A
37859,A
37911,A
37878,A
37885,A
37864,A
37851,A
12805,A
12811,A
12812,A
37890,A
37899,A
12822,A
12825,A
12827,A
12830,A
12836,A
1645,A
1648,A
29769,A
29749,A
20279,A
20280,A
20259,A
29754,A
29767,A
29774,A
29775,A
50873,A
50882,A
12839,A
12844,A
12845,A
12821,A
37818,A
12854,A
1654,A
37833,A
37819,A
37827,A
37829,A
37843,A
37846,A
37849,A
37786,A
37764,A
37769,A
37807,A
37789,A
37792,A
37796,A
46608,A
46609,A
46642,A
46650,A
46652,A
46620,A
46628,A
50848,A
50859,A
748,A
10835,A
50868,A
50869,A
756,A
773,A
29797,A
29798,A
29801,A
783,A
50864,A
20268,A
28,A
29809,A
29813,A
16699,A
46653,A
46654,A
46633,A
16727,A
16732,A
16704,A
37743,A
16691,A
16694,A
46674,A
46698,A
46679,A
46681,A
46683,A
46685,A
10809,A
10811,A
10812,A
10819,A
6,A
10833,A
29862,A
29847,A
29852,A
20295,A
20296,A
29823,A
29873,A
4068,A
29857,A
29859,A
46710,A
46714,A
46692,A
46693,A
37675,A
37680,A
37681,A
46702,A
46704,A
37720,A
37722,A
37686,A
37696,A
37698,A
37705,A
37672,A
37728,A
37707,A
37709,A
37715,A
37716,A
20248,A
6617,A
4074,A
4077,A
4078,A
4081,A
6630,A
20242,A
20244,A
4103,A
6621,A
53936,A
50808,A
50818,A
50820,A
16756,A
16738,A
16773,A
16775,A
16746,A
16750,A
16752,A
37653,A
37668,A
37670,A
16763,A
16765,A
12783,A
12785,A
46723,A
16777,A
10863,A
29880,A
29883,A
29886,A
50788,A
29891,A
29899,A
29878,A
29926,A
29910,A
29915,A
29920,A
12796,A
12800,A
12773,A
12781,A
46731,A
12789,A
2980,A
2983,A
2989,A
37596,A
37629,A
2999,A
3001,A
29938,A
20232,A
29999,A
29967,A
29970,A
29950,A
29954,A
10861,A
50783,A
10847,A
10848,A
10872,A
10880,A
10881,A
10851,A
10855,A
10860,A
37565,A
37566,A
37621,A
37628,A
16796,A
16797,A
16798,A
37581,A
37588,A
16821,A
37590,A
16781,A
16782,A
46741,A
46747,A
46749,A
46752,A
16810,A
50764,A
50767,A
50775,A
29995,A
20218,A
20194,A
20199,A
20204,A
30000,A
30001,A
20210,A
20211,A
46762,A
37499,A
1574,A
1575,A
1580,A
37496,A
37534,A
37538,A
3021,A
3023,A
3027,A
37550,A
7374,A
7375,A
7377,A
7380,A
7392,A
7393,A
7368,A
7,A
8326,A
12742,A
1582,A
1589,A
1595,A
7383,A
30024,A
30028,A
30035,A
20173,A
20178,A
20180,A
30039,A
20152,A
20153,A
50719,A
50721,A
20164,A
20166,A
20168,A
50756,A
50718,A
50695,A
50697,A
10910,A
30067,A
30068,A
20188,A
30047,A
30070,A
30074,A
30079,A
30064,A
30065,A
30019,A
30021,A
30092,A
30097,A
30069,A
8341,A
8343,A
1611,A
12756,A
37449,A
37456,A
37457,A
37459,A
8328,A
37470,A
37441,A
3014,A
3015,A
3019,A
37474,A
30119,A
20123,A
6680,A
6682,A
20110,A
20138,A
20144,A
30117,A
10903,A
50687,A
10915,A
10917,A
10924,A
10897,A
10900,A
7399,A
7401,A
16845,A
16847,A
16848,A
16849,A
16856,A
16862,A
46804,A
46814,A
46819,A
16869,A
16871,A
16872,A
46828,A
46792,A
46803,A
30127,A
4035,A
30163,A
30164,A
30166,A
6648,A
30120,A
30122,A
30124,A
30125,A
30144,A
4045,A
20117,A
30101,A
30103,A
30110,A
4064,A
30129,A
46868,A
46870,A
46836,A
46859,A
46826,A
37400,A
37382,A
37387,A
37424,A
37426,A
37414,A
37347,A
37351,A
37422,A
50666,A
797,A
801,A
802,A
811,A
50669,A
50672,A
50673,A
50676,A
821,A
30153,A
30155,A
50667,A
30160,A
30161,A
20085,A
20091,A
37356,A
16879,A
16887,A
37339,A
37375,A
16907,A
46875,A
16913,A
12714,A
46882,A
12691,A
12694,A
12705,A
37282,A
37288,A
37289,A
37290,A
37317,A
37319,A
37321,A
37303,A
37324,A
37338,A
50643,A
50644,A
50645,A
8841,A
8843,A
30204,A
30178,A
8870,A
30228,A
30208,A
30210,A
30211,A
30212,A
50646,A
50647,A
50648,A
50649,A
50654,A
37258,A
37236,A
37237,A
46888,A
46894,A
37280,A
37256,A
46899,A
46900,A
1545,A
46885,A
30259,A
30232,A
30235,A
30260,A
30271,A
3997,A
30240,A
30242,A
50611,A
50615,A
3999,A
4004,A
8865,A
50631,A
10930,A
46917,A
1561,A
1566,A
1568,A
3052,A
3054,A
46908,A
3071,A
3076,A
16928,A
3050,A
3051,A
3081,A
37216,A
37219,A
16930,A
16932,A
18601,A
16950,A
20036,A
50603,A
4021,A
4022,A
20049,A
20050,A
20059,A
20060,A
20062,A
30239,A
20067,A
20083,A
46936,A
46937,A
12651,A
12654,A
46927,A
16957,A
12656,A
12665,A
12668,A
12670,A
12677,A
46935,A
37186,A
12679,A
12682,A
46941,A
37194,A
37202,A
37181,A
37184,A
30332,A
30333,A
30309,A
30272,A
30345,A
30348,A
30314,A
30321,A
30322,A
50571,A
10987,A
10996,A
50549,A
30341,A
50569,A
50570,A
16990,A
16995,A
16997,A
16966,A
16968,A
16969,A
37178,A
37179,A
16984,A
16985,A
16989,A
46968,A
46947,A
46949,A
30358,A
30363,A
30408,A
30416,A
30418,A
30420,A
19987,A
19990,A
20000,A
20001,A
20002,A
20004,A
20006,A
20007,A
20009,A
20010,A
30368,A
30281,A
30288,A
30291,A
30293,A
20018,A
20023,A
46973,A
46984,A
37145,A
37120,A
37121,A
37124,A
46998,A
37152,A
37127,A
37161,A
37163,A
37146,A
37148,A
37150,A
11039,A
50504,A
50535,A
50539,A
50509,A
50512,A
10950,A
10955,A
10983,A
50527,A
50533,A
30396,A
30378,A
30379,A
37052,A
37053,A
37057,A
37156,A
37095,A
37097,A
37099,A
37072,A
37089,A
37102,A
37111,A
37092,A
37094,A
37027,A
37030,A
37035,A
37036,A
17012,A
17014,A
11017,A
11024,A
50481,A
11029,A
11031,A
11033,A
11034,A
11013,A
11015,A
30422,A
30425,A
30429,A
30430,A
30432,A
30468,A
30471,A
30466,A
30436,A
7346,A
7350,A
37041,A
7341,A
7342,A
47011,A
47015,A
7354,A
47043,A
47044,A
47045,A
47020,A
47023,A
30484,A
8830,A
853,A
856,A
860,A
19959,A
19961,A
6706,A
6707,A
19970,A
30492,A
30496,A
19953,A
50465,A
50466,A
50468,A
36968,A
36970,A
47046,A
47032,A
36986,A
36961,A
36963,A
36966,A
36967,A
37016,A
37021,A
36998,A
37003,A
8351,A
37011,A
3981,A
3982,A
30502,A
3954,A
30510,A
30512,A
30515,A
11054,A
848,A
849,A
851,A
11042,A
8810,A
8811,A
8357,A
8358,A
8391,A
8348,A
3095,A
47073,A
3102,A
3087,A
3089,A
3114,A
3123,A
30521,A
30524,A
30526,A
30527,A
30570,A
6687,A
30532,A
19918,A
19934,A
6697,A
19941,A
6686,A
3973,A
3976,A
3949,A
36951,A
17031,A
17039,A
36935,A
36936,A
36941,A
17046,A
17030,A
36888,A
36889,A
3085,A
36898,A
36906,A
36880,A
36924,A
36929,A
36918,A
47095,A
47078,A
47082,A
36919,A
36920,A
47102,A
47107,A
47086,A
47089,A
829,A
50428,A
50429,A
50433,A
50410,A
30546,A
830,A
831,A
839,A
842,A
30554,A
30573,A
30575,A
30576,A
30564,A
47113,A
47123,A
47125,A
47101,A
36825,A
17124,A
36807,A
36810,A
36811,A
47109,A
36832,A
36855,A
36860,A
36818,A
12597,A
47128,A
47132,A
47134,A
50407,A
50409,A
30590,A
30581,A
30584,A
30596,A
30599,A
30606,A
30608,A
50416,A
50417,A
30613,A
30622,A
12608,A
12571,A
47146,A
47148,A
47155,A
12607,A
17087,A
36793,A
36803,A
36778,A
36781,A
17101,A
17105,A
17115,A
36806,A
17078,A
17082,A
19875,A
19881,A
30650,A
19901,A
19906,A
50341,A
50347,A
50363,A
19912,A
50397,A
50374,A
50376,A
50378,A
36764,A
17090,A
17092,A
17096,A
17131,A
17132,A
17136,A
36756,A
36758,A
36777,A
17138,A
17139,A
17152,A
17130,A
36701,A
36765,A
36767,A
36771,A
11073,A
11074,A
11079,A
30651,A
30653,A
11083,A
11088,A
30696,A
30721,A
30682,A
30686,A
30687,A
30691,A
36711,A
36717,A
36698,A
36751,A
36726,A
36733,A
36734,A
47158,A
36738,A
1521,A
1505,A
1507,A
19833,A
30735,A
19838,A
19839,A
19840,A
19847,A
50326,A
50327,A
50331,A
19854,A
19859,A
11080,A
11068,A
11069,A
50323,A
36650,A
47169,A
47171,A
47172,A
36658,A
36649,A
36668,A
36671,A
36673,A
47185,A
36686,A
12554,A
47202,A
47205,A
12526,A
48709,A
12531,A
12566,A
47206,A
12537,A
12547,A
12551,A
17164,A
36618,A
36636,A
17175,A
17181,A
873,A
50309,A
50317,A
50293,A
50296,A
30764,A
30769,A
30773,A
30739,A
30741,A
30750,A
30793,A
30796,A
30756,A
30758,A
36592,A
3124,A
3132,A
17191,A
36598,A
3139,A
36604,A
36605,A
3145,A
36528,A
36529,A
36531,A
50235,A
30814,A
30819,A
30800,A
30806,A
30826,A
30835,A
3911,A
3912,A
3919,A
3924,A
36581,A
36552,A
36554,A
36559,A
36561,A
36587,A
36574,A
47235,A
47209,A
47211,A
47222,A
47247,A
47225,A
47228,A
47229,A
19813,A
19815,A
19819,A
19820,A
19798,A
19799,A
6737,A
6721,A
3933,A
3944,A
3945,A
30839,A
50240,A
50244,A
50247,A
50260,A
50229,A
47257,A
47259,A
47237,A
47240,A
17214,A
36501,A
36522,A
36481,A
47255,A
7310,A
7314,A
7321,A
17211,A
12493,A
47277,A
11132,A
11107,A
11109,A
11111,A
11118,A
11123,A
19782,A
19786,A
30858,A
30861,A
19803,A
19776,A
19778,A
12510,A
12512,A
47286,A
12522,A
12524,A
47297,A
47298,A
12508,A
36455,A
36476,A
36464,A
36466,A
17251,A
36406,A
36408,A
36409,A
36469,A
36428,A
36430,A
36432,A
36414,A
36434,A
12470,A
12476,A
12479,A
12485,A
47307,A
30873,A
30877,A
19739,A
19740,A
19752,A
30905,A
30895,A
30872,A
50194,A
30925,A
30900,A
30904,A
50204,A
50205,A
8427,A
8428,A
8429,A
8405,A
8408,A
8409,A
36399,A
36380,A
36381,A
17223,A
17225,A
36388,A
36391,A
36393,A
36395,A
17233,A
17235,A
17240,A
17222,A
11195,A
50169,A
11170,A
11186,A
30933,A
30934,A
30935,A
30938,A
11188,A
11190,A
30942,A
19725,A
19734,A
19736,A
17278,A
3166,A
3176,A
3183,A
3191,A
17292,A
17299,A
17304,A
17265,A
17276,A
47356,A
47357,A
47358,A
47360,A
12453,A
47363,A
12429,A
12440,A
47348,A
30958,A
50160,A
50145,A
30959,A
30948,A
30952,A
940,A
31038,A
30972,A
31001,A
11145,A
923,A
47370,A
47371,A
12442,A
12446,A
12449,A
36312,A
36314,A
36318,A
12457,A
3164,A
36330,A
36332,A
36337,A
36341,A
36322,A
36295,A
36297,A
36349,A
3163,A
31066,A
31067,A
31069,A
31055,A
31056,A
31083,A
31060,A
31064,A
50139,A
50141,A
11237,A
50114,A
31076,A
50147,A
50148,A
50159,A
50123,A
50130,A
17311,A
17318,A
17322,A
36290,A
17331,A
17332,A
17334,A
17338,A
17341,A
36301,A
17343,A
17349,A
17325,A
47390,A
47392,A
47377,A
47379,A
31092,A
19680,A
31139,A
3896,A
3904,A
19702,A
19684,A
19692,A
19693,A
31091,A
19720,A
19694,A
19695,A
19698,A
19700,A
31039,A
19715,A
19716,A
50095,A
50098,A
50099,A
50076,A
11231,A
11235,A
50101,A
50102,A
11205,A
31115,A
3872,A
11224,A
3880,A
3882,A
3890,A
3893,A
1462,A
1467,A
47393,A
47400,A
47401,A
36246,A
36251,A
47417,A
36268,A
36269,A
36273,A
36262,A
48717,A
36193,A
36275,A
36278,A
50052,A
50059,A
50062,A
8786,A
19651,A
31140,A
31145,A
31152,A
8792,A
31165,A
19664,A
19666,A
19667,A
50084,A
50086,A
31157,A
31158,A
36197,A
17389,A
36209,A
36211,A
36224,A
1478,A
1482,A
36239,A
36243,A
1493,A
47422,A
1469,A
1471,A
1475,A
47438,A
47443,A
47444,A
47445,A
36151,A
36152,A
36154,A
36156,A
36158,A
36159,A
17372,A
17375,A
17379,A
17362,A
31187,A
31189,A
31191,A
31173,A
31218,A
31219,A
31221,A
31203,A
31206,A
8773,A
50042,A
50044,A
11248,A
11250,A
11252,A
8789,A
8765,A
8768,A
8769,A
8770,A
49991,A
49993,A
49996,A
49975,A
31228,A
50003,A
50006,A
50026,A
31258,A
31231,A
31232,A
31237,A
31239,A
31178,A
31182,A
31185,A
31260,A
31262,A
31263,A
31250,A
17399,A
17400,A
36137,A
36138,A
36141,A
7268,A
7271,A
17393,A
17395,A
7278,A
12394,A
12399,A
47453,A
47456,A
7275,A
31270,A
31272,A
31276,A
31307,A
31294,A
31295,A
31283,A
31300,A
31302,A
31303,A
49985,A
49957,A
49959,A
12404,A
12406,A
12407,A
12410,A
48722,A
12417,A
12386,A
36072,A
36073,A
12422,A
47458,A
47464,A
36083,A
36069,A
36070,A
36071,A
36100,A
36102,A
993,A
994,A
49954,A
971,A
978,A
979,A
31308,A
31309,A
992,A
6764,A
6766,A
6767,A
19627,A
19638,A
6775,A
31317,A
3240,A
3244,A
36123,A
36124,A
36052,A
36016,A
36031,A
17442,A
17444,A
36060,A
36047,A
47466,A
47467,A
47473,A
47477,A
31324,A
31328,A
31402,A
31362,A
31364,A
31370,A
31371,A
31340,A
31375,A
31377,A
3840,A
3843,A
49924,A
49934,A
47491,A
47493,A
47498,A
47479,A
47486,A
3206,A
47500,A
47501,A
47509,A
47510,A
47515,A
17422,A
3221,A
3229,A
17433,A
17436,A
7295,A
7297,A
17413,A
17420,A
11298,A
11266,A
11271,A
3856,A
11284,A
11290,A
11296,A
31401,A
3860,A
3861,A
3863,A
31404,A
31406,A
31407,A
31409,A
31395,A
31399,A
31400,A
17428,A
17462,A
17467,A
17472,A
17475,A
17479,A
17483,A
17486,A
17489,A
17493,A
17494,A
35918,A
35919,A
17508,A
35994,A
19612,A
19617,A
19621,A
19592,A
19596,A
19598,A
19600,A
49901,A
19624,A
19625,A
19610,A
11259,A
49896,A
49897,A
11278,A
49902,A
8798,A
35926,A
35929,A
35979,A
35986,A
35940,A
35960,A
8492,A
8493,A
8494,A
35971,A
12359,A
12370,A
47526,A
47528,A
47538,A
31434,A
31435,A
19576,A
31456,A
31436,A
31442,A
31443,A
31444,A
31446,A
31429,A
31461,A
31468,A
31472,A
31449,A
19602,A
31415,A
31416,A
19586,A
12380,A
47546,A
47552,A
47553,A
12339,A
12347,A
17528,A
35893,A
35895,A
12376,A
17555,A
17514,A
17516,A
17520,A
17521,A
47556,A
47561,A
47562,A
17556,A
17529,A
1016,A
1023,A
1028,A
1002,A
1004,A
31479,A
31481,A
31488,A
31489,A
49873,A
49891,A
19567,A
19572,A
19536,A
31476,A
19580,A
31497,A
19555,A
19562,A
19565,A
19566,A
31500,A
31509,A
31511,A
3798,A
31516,A
31517,A
31520,A
31521,A
31533,A
31539,A
31544,A
31546,A
1005,A
1006,A
1007,A
1008,A
1009,A
48695,A
11357,A
49861,A
47587,A
47570,A
47571,A
47573,A
47554,A
47601,A
47585,A
35853,A
35856,A
47589,A
47596,A
35876,A
35867,A
35868,A
35871,A
11319,A
31551,A
11321,A
11326,A
11328,A
11355,A
31569,A
31548,A
31579,A
31557,A
35805,A
35885,A
35889,A
35828,A
35831,A
35837,A
35791,A
35795,A
47614,A
35838,A
35842,A
35845,A
35850,A
8453,A
8454,A
47620,A
8483,A
8490,A
12329,A
12330,A
8442,A
8443,A
35726,A
35716,A
35721,A
8457,A
35733,A
35745,A
35746,A
35765,A
35768,A
6829,A
19519,A
19520,A
19485,A
19494,A
19498,A
3806,A
19526,A
19528,A
3821,A
3827,A
19507,A
49835,A
49810,A
49815,A
49818,A
49821,A
47671,A
47651,A
47652,A
47653,A
47625,A
47629,A
35710,A
35711,A
47679,A
47680,A
47657,A
17566,A
17568,A
35700,A
17591,A
17573,A
17578,A
17580,A
49809,A
11378,A
11382,A
11385,A
11386,A
11366,A
31600,A
11391,A
11393,A
11395,A
49807,A
31629,A
31630,A
31607,A
31623,A
3833,A
31591,A
31598,A
31625,A
31627,A
31628,A
49782,A
49747,A
31660,A
19473,A
19474,A
19475,A
19477,A
31656,A
31671,A
19479,A
6801,A
6806,A
6810,A
11377,A
49796,A
11358,A
11362,A
3265,A
3268,A
3245,A
3247,A
3255,A
17586,A
35685,A
3260,A
3261,A
3264,A
35694,A
35696,A
35698,A
3271,A
3273,A
3278,A
35647,A
35653,A
35654,A
31720,A
31693,A
31680,A
31728,A
49706,A
49720,A
49723,A
49752,A
49729,A
49734,A
49735,A
49738,A
35657,A
35658,A
35665,A
35666,A
17605,A
35668,A
17615,A
7235,A
47708,A
47682,A
47683,A
53852,A
47691,A
7239,A
7244,A
7245,A
47715,A
1417,A
47706,A
31737,A
31741,A
31745,A
31810,A
31750,A
19428,A
19450,A
19435,A
19441,A
19443,A
19444,A
31684,A
19445,A
19447,A
19448,A
1426,A
1431,A
1440,A
47709,A
47711,A
17647,A
17650,A
17653,A
17655,A
1421,A
35620,A
17661,A
35608,A
12274,A
9314,A
35611,A
35618,A
8751,A
11405,A
11408,A
8736,A
49689,A
49690,A
11396,A
49704,A
8740,A
8743,A
8744,A
31756,A
31759,A
31764,A
49694,A
31795,A
31797,A
31784,A
31787,A
31788,A
31789,A
12310,A
12278,A
12287,A
12292,A
12313,A
12299,A
12300,A
12305,A
12306,A
35557,A
35541,A
35551,A
12312,A
17638,A
17643,A
35590,A
31830,A
31831,A
31834,A
31872,A
31837,A
31842,A
31844,A
31825,A
31847,A
19381,A
19390,A
19391,A
11397,A
11400,A
11401,A
19401,A
19407,A
19413,A
35518,A
35528,A
17636,A
17693,A
17665,A
17671,A
17673,A
17701,A
47747,A
47722,A
47724,A
47730,A
49665,A
49670,A
1052,A
31856,A
49671,A
49673,A
49680,A
49686,A
3752,A
3757,A
3768,A
3769,A
31854,A
31855,A
3773,A
3784,A
3788,A
3789,A
47751,A
47754,A
47756,A
35444,A
47769,A
47774,A
35476,A
35477,A
35481,A
35483,A
35396,A
35484,A
35502,A
35507,A
35510,A
31880,A
31954,A
31957,A
31920,A
31925,A
19360,A
19361,A
19347,A
19351,A
31878,A
31879,A
19367,A
19368,A
19372,A
19353,A
1061,A
1065,A
1038,A
1040,A
1046,A
19363,A
19364,A
49629,A
49636,A
8761,A
49595,A
49598,A
49641,A
11418,A
11430,A
11431,A
11433,A
31893,A
31897,A
31900,A
11447,A
11448,A
31927,A
31906,A
31911,A
19378,A
35407,A
35394,A
35415,A
35428,A
47785,A
8532,A
12257,A
12259,A
12261,A
12262,A
12231,A
12239,A
11451,A
11456,A
11481,A
11482,A
11486,A
49592,A
11469,A
32002,A
32009,A
31997,A
11480,A
49605,A
32035,A
12263,A
47804,A
35382,A
35371,A
35373,A
17723,A
35374,A
35375,A
35376,A
35377,A
17726,A
7198,A
7202,A
35389,A
35355,A
3286,A
3293,A
17751,A
3299,A
3314,A
17771,A
3318,A
17747,A
47818,A
17770,A
49552,A
49565,A
32057,A
32050,A
32051,A
32052,A
32093,A
32072,A
32083,A
49571,A
49574,A
49577,A
8497,A
8498,A
8501,A
8505,A
35318,A
35296,A
8509,A
8524,A
35346,A
35351,A
35352,A
35335,A
35337,A
35269,A
35270,A
35271,A
35272,A
35276,A
35342,A
35343,A
19335,A
19338,A
19317,A
19321,A
19323,A
19342,A
19344,A
32100,A
19331,A
19334,A
49520,A
49523,A
49512,A
19341,A
49533,A
49536,A
49543,A
49514,A
17789,A
17794,A
17796,A
35287,A
17773,A
17775,A
35267,A
17807,A
17809,A
17814,A
17779,A
17781,A
17787,A
47851,A
47854,A
47855,A
47860,A
47887,A
47867,A
47868,A
47869,A
49494,A
11518,A
32118,A
32109,A
19313,A
32148,A
32161,A
32129,A
32136,A
19326,A
32094,A
32095,A
32097,A
32098,A
19307,A
19309,A
47877,A
47882,A
17860,A
17837,A
17846,A
35257,A
35258,A
35260,A
35262,A
17854,A
12175,A
47900,A
47904,A
47905,A
19279,A
19285,A
19297,A
19271,A
11499,A
1087,A
1088,A
1089,A
1090,A
11519,A
11531,A
11496,A
11498,A
12176,A
12196,A
35194,A
35204,A
12197,A
47930,A
35231,A
35235,A
35205,A
35206,A
35236,A
35246,A
35251,A
35252,A
1076,A
1077,A
1084,A
49474,A
49479,A
3723,A
32190,A
3707,A
3712,A
3713,A
32197,A
32201,A
32204,A
3729,A
3733,A
3721,A
32168,A
32176,A
32177,A
32179,A
47960,A
47937,A
47938,A
47939,A
1387,A
47965,A
47950,A
35163,A
35188,A
35181,A
32233,A
32234,A
6843,A
32246,A
49466,A
49468,A
49450,A
49452,A
49454,A
49456,A
49482,A
49489,A
1068,A
49464,A
49465,A
1410,A
1415,A
1416,A
1398,A
1399,A
35059,A
35063,A
35129,A
35137,A
35142,A
35148,A
35034,A
35040,A
35151,A
35153,A
49418,A
49403,A
49408,A
32319,A
49425,A
49432,A
49433,A
49438,A
49412,A
32256,A
32260,A
49441,A
49442,A
49449,A
49421,A
6845,A
6851,A
6853,A
19255,A
32255,A
3327,A
3337,A
3347,A
35029,A
35032,A
35046,A
35049,A
35051,A
3354,A
3356,A
3359,A
8560,A
47998,A
12127,A
12131,A
12134,A
12136,A
48008,A
11537,A
11538,A
11569,A
11571,A
49393,A
11549,A
11551,A
32316,A
32294,A
32271,A
32272,A
32293,A
32320,A
32324,A
32330,A
12149,A
8563,A
12116,A
34997,A
12137,A
7156,A
7157,A
7161,A
35021,A
17867,A
34936,A
7173,A
32344,A
32412,A
32418,A
32420,A
32352,A
19210,A
19214,A
19215,A
19245,A
19252,A
19231,A
19240,A
49370,A
49373,A
49379,A
19244,A
34946,A
34949,A
34911,A
34995,A
34962,A
34977,A
34942,A
48042,A
48023,A
34989,A
48056,A
48028,A
48031,A
48034,A
49330,A
49307,A
19200,A
49365,A
49339,A
49342,A
49343,A
49344,A
49328,A
49347,A
49350,A
49352,A
32422,A
32395,A
32408,A
32377,A
34889,A
48061,A
48064,A
48070,A
34895,A
7181,A
34878,A
34879,A
34885,A
17919,A
7186,A
17890,A
34860,A
17901,A
17906,A
11585,A
19127,A
19130,A
49299,A
11589,A
11593,A
19197,A
19178,A
19185,A
19167,A
32450,A
19188,A
19193,A
3369,A
3375,A
34854,A
34857,A
34859,A
3378,A
3384,A
3390,A
3366,A
48076,A
48090,A
34870,A
34872,A
34873,A
34876,A
48113,A
48092,A
48095,A
48096,A
48098,A
1132,A
49259,A
49260,A
1125,A
1126,A
32474,A
32465,A
32469,A
32473,A
19133,A
19158,A
32476,A
1352,A
48104,A
48106,A
34843,A
18011,A
34825,A
48114,A
17924,A
17927,A
17928,A
17933,A
17934,A
34841,A
34842,A
17948,A
17953,A
34850,A
34852,A
34853,A
32547,A
32549,A
3696,A
32490,A
3672,A
32501,A
32505,A
32506,A
32508,A
32510,A
1105,A
1109,A
1113,A
1116,A
1117,A
34816,A
34817,A
34800,A
34803,A
18005,A
17975,A
17981,A
17983,A
17986,A
1356,A
1368,A
17996,A
17998,A
8537,A
8539,A
8548,A
8550,A
8553,A
49252,A
49224,A
32512,A
32514,A
32520,A
49238,A
32522,A
32527,A
32554,A
32560,A
32539,A
32541,A
32544,A
34762,A
34764,A
7137,A
34766,A
34768,A
34776,A
34783,A
34750,A
34723,A
34724,A
34726,A
34784,A
34787,A
34788,A
34711,A
18016,A
18020,A
18021,A
18029,A
18031,A
7113,A
34729,A
48128,A
7121,A
7128,A
7130,A
7131,A
48136,A
19085,A
19091,A
32637,A
19096,A
19097,A
19102,A
19108,A
19116,A
19118,A
19120,A
32588,A
49204,A
49206,A
49198,A
48180,A
48182,A
48184,A
48185,A
48164,A
18054,A
7145,A
18035,A
48179,A
18065,A
18066,A
18069,A
18038,A
18048,A
18071,A
34685,A
34702,A
18064,A
11609,A
49185,A
49163,A
49170,A
11631,A
11632,A
49187,A
8728,A
8730,A
11607,A
32622,A
11613,A
11616,A
32617,A
32619,A
34656,A
34644,A
34675,A
34680,A
34657,A
48188,A
48199,A
48200,A
48202,A
12077,A
32653,A
32661,A
32771,A
19066,A
19068,A
32651,A
32652,A
6903,A
19079,A
19082,A
6881,A
6884,A
49175,A
49176,A
49184,A
6895,A
6899,A
48216,A
12069,A
34596,A
34609,A
34592,A
34617,A
34619,A
34622,A
34626,A
34595,A
34553,A
34560,A
34564,A
49151,A
49156,A
49162,A
32675,A
32685,A
32686,A
32687,A
49150,A
32770,A
32690,A
32741,A
32745,A
32755,A
32756,A
32766,A
32767,A
18105,A
18081,A
18086,A
34576,A
18104,A
53908,A
48260,A
48262,A
48265,A
48226,A
48231,A
3417,A
48268,A
48270,A
48271,A
48273,A
53856,A
3426,A
3427,A
3430,A
3431,A
34532,A
34537,A
18162,A
34540,A
34541,A
34542,A
34543,A
34547,A
32801,A
32803,A
19032,A
19037,A
19045,A
49127,A
19059,A
49131,A
49134,A
49135,A
49137,A
49117,A
49139,A
49140,A
49141,A
49144,A
49146,A
49147,A
3640,A
3641,A
3645,A
32806,A
3631,A
3632,A
3659,A
3664,A
3635,A
3637,A
19016,A
32813,A
32816,A
19050,A
19051,A
19019,A
19023,A
19024,A
18152,A
18156,A
34471,A
18169,A
18170,A
34512,A
48302,A
48287,A
48288,A
48294,A
48307,A
48310,A
48314,A
48295,A
48299,A
48301,A
34446,A
34454,A
48304,A
7081,A
34458,A
34460,A
7086,A
18129,A
18134,A
18182,A
18188,A
11657,A
11659,A
11661,A
11665,A
11638,A
11644,A
32821,A
32822,A
32826,A
32827,A
11673,A
11674,A
1181,A
32848,A
32852,A
32839,A
32866,A
48340,A
48315,A
48316,A
48321,A
48322,A
48348,A
48351,A
48352,A
34412,A
34414,A
34416,A
48354,A
48355,A
34439,A
34428,A
34430,A
18968,A
6937,A
18972,A
18973,A
18984,A
32881,A
18966,A
11633,A
18988,A
18999,A
32888,A
32892,A
11646,A
11647,A
11655,A
1168,A
1174,A
1175,A
1176,A
1147,A
1152,A
49084,A
49085,A
49091,A
32898,A
32899,A
32907,A
6925,A
32918,A
6941,A
32926,A
6910,A
6911,A
6922,A
34349,A
34353,A
34435,A
34436,A
34382,A
34342,A
12014,A
48361,A
48365,A
48367,A
48368,A
11998,A
12032,A
12033,A
12002,A
12010,A
12011,A
12012,A
32948,A
32955,A
32927,A
32982,A
32987,A
32962,A
32973,A
32974,A
49055,A
49059,A
32978,A
49067,A
49070,A
49077,A
49081,A
49047,A
12038,A
48369,A
34311,A
34312,A
34314,A
34315,A
34296,A
34299,A
12035,A
34337,A
34338,A
34339,A
34340,A
34320,A
34331,A
34333,A
34335,A
11721,A
18909,A
18914,A
32998,A
33000,A
33001,A
33022,A
18946,A
18949,A
18907,A
32941,A
32942,A
32943,A
18951,A
34285,A
18198,A
18200,A
1303,A
18203,A
18210,A
18215,A
18229,A
1310,A
1318,A
68,A
48374,A
1328,A
1329,A
1336,A
1341,A
1342,A
49002,A
49008,A
48991,A
33033,A
33038,A
33027,A
33030,A
11693,A
49028,A
49034,A
33067,A
11708,A
11682,A
11688,A
11689,A
48379,A
48380,A
48385,A
48391,A
34214,A
34219,A
18256,A
18260,A
18272,A
34188,A
34233,A
34235,A
34189,A
34208,A
48407,A
48408,A
34250,A
3593,A
3594,A
33081,A
33086,A
3616,A
33099,A
33100,A
48994,A
48996,A
48979,A
48982,A
8569,A
48410,A
53847,A
11979,A
48406,A
8587,A
48421,A
11989,A
11993,A
11996,A
18304,A
18305,A
18254,A
34179,A
34186,A
18241,A
18250,A
34150,A
18277,A
18280,A
34145,A
18285,A
18289,A
18290,A
48443,A
48444,A
48431,A
48432,A
48947,A
48950,A
8663,A
8665,A
18869,A
18870,A
18877,A
33107,A
33118,A
18882,A
18887,A
33120,A
18865,A
3602,A
18895,A
18897,A
33125,A
33127,A
48478,A
48479,A
48439,A
48440,A
3459,A
3461,A
3462,A
48465,A
48473,A
48474,A
18328,A
18329,A
18331,A
18334,A
18338,A
18317,A
18822,A
18829,A
18830,A
18846,A
33143,A
1219,A
11725,A
18847,A
18854,A
18857,A
33163,A
8657,A
8658,A
8661,A
1208,A
1210,A
1212,A
1214,A
8668,A
8671,A
8672,A
11726,A
11727,A
33176,A
33182,A
6981,A
6951,A
33202,A
33191,A
33138,A
33141,A
53839,A
33213,A
33219,A
33153,A
33130,A
34064,A
34065,A
18359,A
34083,A
34084,A
34085,A
3448,A
34094,A
34096,A
18380,A
34049,A
34050,A
34104,A
34105,A
34052,A
18376,A
7059,A
34060,A
11930,A
11931,A
48484,A
48489,A
48493,A
11932,A
11938,A
11956,A
11958,A
48502,A
1182,A
48916,A
48895,A
48899,A
1186,A
1192,A
48925,A
48930,A
48934,A
18807,A
33233,A
33236,A
1185,A
6967,A
6973,A
18803,A
18804,A
18806,A
33998,A
11965,A
48512,A
48514,A
34014,A
33990,A
33994,A
34039,A
34021,A
34030,A
34003,A
34034,A
34036,A
48861,A
48863,A
48864,A
48838,A
3554,A
48874,A
48880,A
48886,A
48889,A
3584,A
33272,A
3563,A
3569,A
48900,A
33275,A
3576,A
33972,A
33973,A
33975,A
7072,A
7073,A
33956,A
33987,A
18388,A
18397,A
18398,A
18406,A
18422,A
48539,A
48544,A
48517,A
33298,A
33299,A
18733,A
18734,A
18740,A
18747,A
18794,A
18751,A
18795,A
18797,A
33311,A
33313,A
33314,A
18781,A
48822,A
48835,A
33902,A
48552,A
48559,A
48561,A
33915,A
33917,A
33943,A
33932,A
33937,A
33890,A
33884,A
1262,A
11736,A
11738,A
33327,A
11763,A
11764,A
33331,A
33333,A
33339,A
18715,A
33315,A
33324,A
18749,A
18719,A
18720,A
18732,A
33328,A
18426,A
18431,A
33889,A
18444,A
18453,A
18464,A
48584,A
11892,A
48566,A
18438,A
53840,A
11905,A
53843,A
11915,A
48576,A
48582,A
33369,A
18750,A
33354,A
33442,A
33384,A
33363,A
1249,A
1251,A
1255,A
1256,A
1258,A
1261,A
8684,A
8689,A
11917,A
11923,A
11901,A
11902,A
33837,A
33827,A
33828,A
33872,A
33845,A
33859,A
11925,A
11927,A
48585,A
48586,A
11820,A
11825,A
11827,A
53824,A
11782,A
11788,A
11828,A
48819,A
1230,A
1244,A
11813,A
33408,A
33412,A
33447,A
33437,A
33420,A
48606,A
1273,A
1274,A
1278,A
48593,A
33816,A
33820,A
33824,A
1292,A
18485,A
3474,A
3490,A
3503,A
33814,A
33815,A
18508,A
18479,A
18482,A
18672,A
18699,A
18701,A
48814,A
33520,A
33521,A
48807,A
48808,A
33797,A
33807,A
33775,A
33776,A
33778,A
18520,A
18523,A
18527,A
33791,A
48616,A
48617,A
18548,A
48607,A
48648,A
48650,A
48661,A
48662,A
33756,A
48663,A
48665,A
48671,A
48678,A
6988,A
33758,A
18557,A
18564,A
33696,A
7016,A
7020,A
18574,A
48790,A
48800,A
48765,A
48770,A
33542,A
33523,A
48786,A
33546,A
33538,A
33539,A
33458,A
33556,A
3515,A
3519,A
3524,A
33708,A
8642,A
8645,A
8651,A
33720,A
33723,A
33726,A
33731,A
11853,A
11860,A
11869,A
48679,A
11873,A
11878,A
11883,A
11885,A
18619,A
3529,A
3537,A
3540,A
18631,A
18632,A
18641,A
48728,A
18650,A
18652,A
18653,A
18655,A
18663,A
48733,A
33652,A
11886,A
11887,A
48689,A
48690,A
33669,A
33644,A
33650,A
33672,A
33658,A
59,A
61,A
63,A
43768,A
43774,A
43775,A
43741,A
27,A
53889,A
43779,A
43780,A
43786,A
43753,A
43811,A
43798,A
43800,A
43803,A
5606,A
5608,A
23973,A
23977,A
23985,A
23986,A
23988,A
23989,A
23995,A
24090,A
5603,A
5604,A
5634,A
23997,A
53909,A
33625,A
33680,A
33683,A
33684,A
8612,A
8625,A
48723,A
9309,A
11840,A
11841,A
33561,A
33577,A
8611,A
33594,A
33596,A
33598,A
33600,A
33610,A
33611,A
33613,A
33590,A
18597,A
18600,A
18578,A
18579,A
18611,A
18616,A
18584,A
18595,A
48697,A
48700,A
9315,A
48836,A
49103,A
23291,A
36160,A
45766,A
52280,A
8017,A
30636,A
44541,A
23546,A
47798,A
13448,A
864,A
18237,A
18473,A
42172,A
32830,A
46971,A
47814,A
47455,A
50046,A
6759,A
36694,A
52844,A
41861,A
17917,A
40327,A
15592,A
14537,A
2136,A
34957,A
43432,A
8748,A
15505,A
1840,A
17752,A
15490,A
32623,A
11423,A
52248,A
17239,A
36165,A
35317,A
30351,A
21302,A
27855,A
15651,A
2558,A
52991,A
178,A
25155,A
42965,A
43181,A
53895,A
18971,A
45195,A
43355,A
9112,A
3603,A
51535,A
41917,A
19182,A
2192,A
25333,A
9469,A
51993,A
45282,A
8609,A
32579,A
31716,A
44526,A
13747,A
53716,A
3112,A
32751,A
30376,A
26281,A
52775,A
41673,A
50795,A
53459,A
11422,A
34280,A
23606,A
21860,A
18463,A
34107,A
20883,A
2137,A
13752,A
13737,A
7033,A
3545,A
33605,A
33608,A
33609,A
33597,A
33602,A
33586,A
33589,A
33560,A
33563,A
33566,A
33568,A
8626,A
8628,A
18580,A
33620,A
33623,A
33626,A
33686,A
33689,A
33673,A
33677,A
33655,A
33657,A
33642,A
33645,A
33646,A
33649,A
33651,A
48683,A
48688,A
48692,A
48777,A
48784,A
48785,A
48736,A
48742,A
48726,A
48727,A
48729,A
48731,A
18629,A
18643,A
18646,A
3546,A
3547,A
18617,A
18618,A
18624,A
3535,A
11870,A
11876,A
11877,A
11880,A
11854,A
11857,A
48680,A
48682,A
33724,A
33732,A
33709,A
33713,A
33715,A
33699,A
33702,A
33705,A
3513,A
3525,A
3527,A
33544,A
33549,A
33534,A
33537,A
33541,A
33543,A
33524,A
33525,A
33527,A
33531,A
48789,A
48791,A
48798,A
48768,A
33690,A
33692,A
7012,A
18569,A
6991,A
33760,A
18558,A
33735,A
33737,A
48664,A
48668,A
48647,A
48654,A
48659,A
48629,A
48637,A
48643,A
48644,A
48645,A
48608,A
48609,A
48611,A
48625,A
18530,A
18555,A
18556,A
33811,A
33809,A
18516,A
18526,A
18529,A
33795,A
33781,A
33789,A
11800,A
11801,A
11803,A
11812,A
48809,A
48812,A
48815,A
18704,A
33505,A
33511,A
33513,A
33522,A
18693,A
18694,A
18698,A
18702,A
18703,A
18670,A
18677,A
18684,A
18686,A
33449,A
33451,A
33456,A
18496,A
18512,A
18478,A
18480,A
3480,A
3507,A
33818,A
33821,A
33823,A
48601,A
48603,A
1272,A
1284,A
33444,A
33429,A
33430,A
33432,A
33435,A
33422,A
33426,A
33405,A
33406,A
33407,A
33418,A
1231,A
1240,A
11818,A
11821,A
11822,A
1264,A
1266,A
1270,A
11928,A
48587,A
33868,A
33870,A
33873,A
33844,A
33860,A
33833,A
33835,A
18514,A
18515,A
11920,A
11921,A
11924,A
11903,A
1260,A
1247,A
1250,A
1252,A
1254,A
33387,A
33388,A
33391,A
33399,A
33376,A
33377,A
33378,A
33365,A
33368,A
33371,A
33375,A
33355,A
33359,A
11911,A
48579,A
48583,A
48564,A
48570,A
48574,A
18451,A
18454,A
33897,A
33898,A
18425,A
18430,A
18436,A
33887,A
33888,A
18723,A
18729,A
18731,A
33344,A
33347,A
33325,A
33326,A
11766,A
11775,A
11776,A
11740,A
11743,A
11744,A
11746,A
11759,A
33891,A
33874,A
33877,A
33881,A
33882,A
33941,A
33945,A
33930,A
33933,A
33938,A
33909,A
33911,A
33923,A
33924,A
33925,A
18471,A
33901,A
48562,A
48533,A
48536,A
48537,A
48847,A
48850,A
48823,A
48824,A
48828,A
18796,A
18766,A
18785,A
18793,A
33306,A
18757,A
18762,A
18763,A
33304,A
18735,A
48545,A
48525,A
48528,A
48529,A
48532,A
48519,A
48522,A
48523,A
48524,A
18414,A
18423,A
33986,A
18394,A
18400,A
33970,A
18382,A
33949,A
48902,A
48908,A
48909,A
33279,A
3578,A
3585,A
33273,A
3558,A
3568,A
3570,A
33268,A
48885,A
48891,A
48840,A
48843,A
48846,A
33960,A
33964,A
33965,A
33969,A
34037,A
34038,A
34040,A
34018,A
34020,A
34023,A
34004,A
34005,A
34016,A
33992,A
33996,A
34000,A
11967,A
11970,A
11973,A
6962,A
6980,A
18801,A
33231,A
33235,A
33240,A
33244,A
1196,A
1206,A
48926,A
48912,A
48913,A
48917,A
48918,A
11951,A
48500,A
48503,A
48492,A
48494,A
7058,A
7061,A
7066,A
7067,A
34059,A
7036,A
7049,A
7052,A
7056,A
34051,A
34054,A
34055,A
18374,A
34043,A
34103,A
34106,A
3442,A
34086,A
34089,A
34101,A
34077,A
34078,A
34079,A
34080,A
34081,A
34061,A
34062,A
34063,A
34072,A
18360,A
33146,A
33147,A
33148,A
18813,A
33132,A
33135,A
33142,A
33222,A
33226,A
33230,A
33207,A
33208,A
33187,A
33190,A
33196,A
33169,A
33179,A
33254,A
6952,A
8673,A
8675,A
11728,A
11733,A
1217,A
18850,A
18821,A
18824,A
18834,A
18368,A
3467,A
34109,A
18337,A
18348,A
18356,A
18318,A
18323,A
18330,A
3453,A
3463,A
3465,A
48445,A
48460,A
48462,A
48437,A
33122,A
33128,A
18880,A
18884,A
18891,A
18893,A
18871,A
33111,A
33116,A
8682,A
1222,A
48953,A
8664,A
48441,A
48442,A
48427,A
48429,A
48434,A
18286,A
18288,A
18299,A
34149,A
18281,A
34131,A
34146,A
34113,A
34116,A
34117,A
34120,A
18238,A
18249,A
18251,A
34172,A
34180,A
34181,A
34163,A
34167,A
34171,A
18303,A
18311,A
18312,A
8586,A
8593,A
8596,A
8604,A
8585,A
48393,A
48398,A
48998,A
48974,A
48975,A
48981,A
48958,A
48960,A
48961,A
48966,A
48967,A
33104,A
33105,A
33084,A
33090,A
3614,A
3615,A
3624,A
3625,A
3629,A
33075,A
33077,A
3598,A
34249,A
34251,A
34253,A
34254,A
34257,A
34221,A
34244,A
34246,A
34247,A
34218,A
18258,A
48383,A
48386,A
48388,A
48389,A
11714,A
11685,A
11690,A
11691,A
49023,A
49029,A
49038,A
33042,A
33064,A
33066,A
33036,A
49000,A
49006,A
49007,A
49013,A
49021,A
48988,A
1327,A
1331,A
1308,A
1309,A
1326,A
48372,A
48373,A
48377,A
48378,A
18211,A
34288,A
7104,A
18201,A
34273,A
34276,A
32940,A
33006,A
33019,A
33020,A
33021,A
18935,A
18939,A
18947,A
18923,A
33002,A
33003,A
33004,A
11717,A
11722,A
11723,A
49044,A
11694,A
11698,A
34278,A
34279,A
34261,A
34262,A
34334,A
34329,A
34330,A
34300,A
12042,A
48371,A
12016,A
12024,A
12028,A
12029,A
49060,A
49066,A
49083,A
49048,A
49052,A
49056,A
32975,A
32981,A
32983,A
32986,A
32989,A
32946,A
32947,A
32949,A
32958,A
32935,A
12008,A
12009,A
48362,A
48364,A
34402,A
34396,A
34398,A
34358,A
34364,A
34384,A
34343,A
34348,A
34350,A
34354,A
32923,A
32924,A
6916,A
6927,A
32914,A
32917,A
32919,A
32922,A
18957,A
32893,A
32897,A
32901,A
32904,A
1146,A
1154,A
1158,A
1162,A
1163,A
19012,A
32891,A
18974,A
6948,A
6949,A
18970,A
32871,A
32875,A
32876,A
32877,A
6933,A
34440,A
34427,A
34420,A
34424,A
34425,A
34411,A
48356,A
48357,A
48358,A
48359,A
48360,A
48345,A
48336,A
48337,A
48341,A
48323,A
32856,A
32858,A
32861,A
32863,A
32844,A
32845,A
32847,A
32849,A
32836,A
32837,A
32818,A
11666,A
11645,A
7103,A
18133,A
18189,A
34457,A
34459,A
34461,A
18174,A
18175,A
18179,A
34445,A
34456,A
48305,A
48306,A
48297,A
48298,A
48303,A
48286,A
48292,A
48293,A
48277,A
48278,A
48280,A
48281,A
48282,A
48283,A
48285,A
34518,A
3404,A
34477,A
34480,A
34462,A
34464,A
34468,A
18150,A
18151,A
18155,A
18160,A
19028,A
32785,A
32788,A
32790,A
32795,A
32796,A
32812,A
32815,A
3655,A
3660,A
32808,A
3638,A
3652,A
3630,A
49143,A
49129,A
49130,A
49132,A
49136,A
49118,A
49126,A
49128,A
19052,A
19055,A
32799,A
32802,A
19033,A
19049,A
34539,A
34549,A
34526,A
34530,A
34531,A
34535,A
3423,A
3424,A
3434,A
3405,A
3408,A
3414,A
48267,A
48252,A
48255,A
48227,A
48230,A
48233,A
48240,A
48218,A
48221,A
48222,A
48224,A
18113,A
34571,A
34572,A
34573,A
34574,A
18092,A
18099,A
18106,A
18108,A
18077,A
18079,A
18085,A
32781,A
32783,A
32765,A
32688,A
32689,A
32693,A
32694,A
32746,A
6906,A
32678,A
49152,A
49155,A
49157,A
49159,A
49138,A
34556,A
34558,A
34559,A
34627,A
34630,A
34635,A
34614,A
34615,A
34598,A
34603,A
34582,A
34585,A
34589,A
34593,A
12083,A
48204,A
48205,A
48207,A
48215,A
49182,A
6894,A
6900,A
19075,A
6877,A
6880,A
6886,A
32666,A
32669,A
32649,A
32658,A
32659,A
32772,A
32775,A
32779,A
12071,A
12073,A
12079,A
12082,A
12047,A
12050,A
12051,A
48192,A
48196,A
48197,A
48201,A
34671,A
34674,A
34678,A
34658,A
34666,A
34670,A
34647,A
34649,A
34651,A
34654,A
34646,A
32640,A
32645,A
32647,A
32648,A
32616,A
32606,A
32608,A
32611,A
32612,A
11619,A
8729,A
11600,A
8721,A
8725,A
49166,A
49172,A
34707,A
34708,A
18055,A
18058,A
18067,A
18042,A
18047,A
34681,A
7143,A
18036,A
48178,A
48153,A
48156,A
48157,A
49193,A
49196,A
49197,A
49199,A
49201,A
49202,A
19122,A
32586,A
19093,A
19112,A
19114,A
32580,A
6909,A
19089,A
32569,A
32578,A
32639,A
48130,A
48142,A
48146,A
48149,A
48120,A
48121,A
48124,A
48125,A
48127,A
7133,A
18024,A
34732,A
34734,A
34735,A
34736,A
34738,A
34715,A
34722,A
34785,A
34794,A
34771,A
34748,A
34749,A
7134,A
7139,A
34743,A
34745,A
34746,A
8558,A
1371,A
1374,A
1377,A
1378,A
1379,A
1380,A
12112,A
32550,A
32551,A
32542,A
32545,A
32546,A
32523,A
32524,A
32525,A
32533,A
32511,A
32513,A
32518,A
49247,A
49251,A
49253,A
49216,A
49217,A
49223,A
49229,A
1369,A
12095,A
12104,A
12107,A
1357,A
1366,A
1367,A
18008,A
17980,A
34808,A
17968,A
17972,A
34796,A
17942,A
1127,A
1128,A
1104,A
3704,A
3705,A
3684,A
3685,A
3695,A
3700,A
32493,A
32494,A
3677,A
3681,A
19159,A
19161,A
19164,A
32489,A
17949,A
17951,A
17957,A
34834,A
34848,A
34849,A
1345,A
1346,A
1347,A
1348,A
48102,A
48110,A
48112,A
19134,A
19136,A
19156,A
32482,A
32483,A
19126,A
32464,A
32466,A
32467,A
32468,A
32451,A
32459,A
32463,A
49274,A
49275,A
49276,A
49278,A
49282,A
49257,A
49271,A
48097,A
48101,A
48074,A
48085,A
34867,A
3377,A
3381,A
3385,A
3394,A
3370,A
3372,A
34856,A
32435,A
32448,A
19187,A
19189,A
19190,A
19175,A
19184,A
8714,A
49303,A
8706,A
8707,A
8708,A
11590,A
8700,A
8701,A
49286,A
49293,A
49294,A
3362,A
3364,A
3365,A
17899,A
17905,A
17921,A
17887,A
17893,A
34892,A
34893,A
34877,A
34886,A
48071,A
48073,A
48044,A
48051,A
32400,A
32409,A
32380,A
32384,A
32386,A
32372,A
49351,A
49357,A
49361,A
49337,A
49316,A
49329,A
49332,A
19198,A
19199,A
19204,A
48060,A
48033,A
48036,A
48037,A
48038,A
48012,A
48024,A
48025,A
34980,A
34993,A
34955,A
34963,A
34950,A
34953,A
34929,A
34930,A
34934,A
11539,A
49367,A
49368,A
49378,A
19246,A
32355,A
32358,A
32349,A
32350,A
19213,A
32336,A
32337,A
32340,A
32341,A
32347,A
32416,A
7162,A
7174,A
35025,A
17879,A
17883,A
17884,A
7147,A
35020,A
17871,A
17874,A
17877,A
34998,A
35003,A
35015,A
35018,A
12145,A
12146,A
12152,A
12154,A
48011,A
32331,A
32305,A
32311,A
32313,A
32315,A
32296,A
32270,A
11562,A
11563,A
11572,A
11543,A
11552,A
49383,A
49384,A
49389,A
49390,A
49391,A
12130,A
48007,A
48009,A
48010,A
47995,A
47997,A
48001,A
48002,A
48004,A
35050,A
3357,A
3333,A
35028,A
35033,A
19253,A
19256,A
19268,A
32259,A
32265,A
49424,A
49427,A
49410,A
49420,A
49395,A
49396,A
49397,A
35038,A
35149,A
35152,A
35156,A
35147,A
35066,A
35081,A
35123,A
35124,A
35125,A
35062,A
35064,A
35065,A
47984,A
1402,A
1403,A
1389,A
49481,A
49483,A
49462,A
49469,A
49471,A
49458,A
49461,A
32242,A
32243,A
32244,A
32245,A
32249,A
32237,A
32217,A
32223,A
6866,A
6840,A
1390,A
1392,A
1394,A
1395,A
35186,A
35182,A
35171,A
35172,A
35174,A
35176,A
35158,A
1384,A
1385,A
1388,A
47963,A
47966,A
47968,A
47971,A
47956,A
47958,A
47941,A
47943,A
32167,A
32175,A
32180,A
3751,A
32199,A
3716,A
3724,A
3726,A
3711,A
1079,A
1081,A
1085,A
35239,A
35250,A
35221,A
35229,A
35230,A
35211,A
35212,A
35214,A
35196,A
47929,A
47931,A
47934,A
12178,A
12181,A
12186,A
12193,A
47925,A
12172,A
11520,A
11522,A
11495,A
11497,A
11508,A
11510,A
1086,A
1091,A
1095,A
19289,A
19298,A
32188,A
32189,A
19273,A
19282,A
32187,A
6872,A
6874,A
6875,A
12173,A
47906,A
47911,A
17866,A
35264,A
17848,A
17849,A
17850,A
17862,A
17864,A
17830,A
17836,A
17827,A
47889,A
47890,A
47898,A
47899,A
47883,A
19327,A
32143,A
32128,A
32138,A
32140,A
32142,A
32117,A
32123,A
32103,A
11532,A
11533,A
1098,A
49492,A
49493,A
11514,A
11516,A
47870,A
47872,A
47873,A
47874,A
47856,A
17800,A
17803,A
17804,A
17813,A
17777,A
35282,A
49535,A
49541,A
49517,A
49519,A
49521,A
49495,A
49498,A
49505,A
32101,A
32102,A
19333,A
19318,A
19319,A
19320,A
35273,A
35345,A
35336,A
35319,A
35329,A
35305,A
8527,A
47835,A
47840,A
8500,A
47823,A
49579,A
32084,A
32088,A
32089,A
32090,A
32077,A
32079,A
32082,A
32053,A
32054,A
32064,A
32066,A
32042,A
32044,A
49551,A
49553,A
49559,A
49566,A
49525,A
49526,A
47833,A
12208,A
47812,A
47815,A
17763,A
3319,A
3320,A
7222,A
17739,A
17749,A
17754,A
3308,A
3311,A
3315,A
7216,A
35354,A
3284,A
3290,A
3292,A
3296,A
17736,A
17716,A
17721,A
17724,A
17725,A
35378,A
35379,A
3323,A
3325,A
35367,A
35368,A
47796,A
47801,A
47805,A
12251,A
12253,A
49603,A
49623,A
32032,A
32012,A
32014,A
32024,A
32008,A
31964,A
31975,A
31999,A
49590,A
11462,A
11466,A
11473,A
11474,A
49587,A
11453,A
11455,A
49567,A
12258,A
12241,A
12250,A
47778,A
47784,A
47786,A
47787,A
47789,A
35432,A
35440,A
35414,A
35427,A
35430,A
35398,A
35406,A
35410,A
7207,A
35390,A
35391,A
35393,A
31909,A
31914,A
19377,A
31892,A
31899,A
11439,A
11441,A
11420,A
49627,A
8762,A
11417,A
1064,A
19371,A
19373,A
19352,A
19358,A
19359,A
19346,A
31881,A
31884,A
31921,A
35487,A
35492,A
35504,A
35474,A
35451,A
35457,A
35471,A
35442,A
47765,A
47766,A
47768,A
47772,A
47749,A
47757,A
47763,A
47736,A
47744,A
31873,A
3770,A
3774,A
3792,A
3753,A
3758,A
31858,A
49679,A
49685,A
49688,A
49659,A
49664,A
49666,A
1050,A
47745,A
47746,A
47723,A
47726,A
47732,A
17702,A
17704,A
17705,A
17678,A
17688,A
17692,A
17699,A
35532,A
35512,A
35515,A
35516,A
35517,A
35526,A
17622,A
17630,A
11398,A
19400,A
19416,A
31848,A
19383,A
19393,A
19399,A
31839,A
19379,A
31823,A
31828,A
31861,A
31862,A
31869,A
17639,A
17640,A
35588,A
7264,A
7265,A
35555,A
35566,A
35586,A
35553,A
1458,A
47716,A
47719,A
12307,A
12280,A
12289,A
1443,A
31802,A
31777,A
31792,A
31768,A
49695,A
49698,A
49700,A
49705,A
8750,A
11406,A
1449,A
35643,A
35609,A
35615,A
35619,A
35621,A
35599,A
35600,A
35607,A
17648,A
17656,A
1422,A
1427,A
1432,A
1433,A
31682,A
31683,A
31687,A
31688,A
19454,A
19432,A
19439,A
31753,A
19423,A
19425,A
19429,A
31735,A
31736,A
31740,A
31744,A
31747,A
31816,A
47712,A
1419,A
47697,A
47699,A
47705,A
7249,A
35673,A
7227,A
7230,A
35655,A
35661,A
17607,A
35645,A
49756,A
49758,A
49727,A
49741,A
49707,A
49710,A
49714,A
31724,A
31729,A
31730,A
31731,A
31732,A
31733,A
31734,A
31714,A
31692,A
31694,A
31677,A
31681,A
35648,A
35649,A
35651,A
35690,A
35691,A
35692,A
35693,A
3283,A
35681,A
35682,A
35686,A
35679,A
3248,A
11373,A
49798,A
11359,A
6819,A
19480,A
6797,A
6804,A
6811,A
19472,A
31658,A
49784,A
49786,A
49787,A
49749,A
49750,A
31635,A
31636,A
31639,A
31642,A
31645,A
31621,A
31605,A
11392,A
49804,A
11380,A
11368,A
17590,A
17596,A
17597,A
17576,A
17583,A
17584,A
35714,A
35703,A
35706,A
47673,A
47675,A
47664,A
47668,A
47655,A
49841,A
49844,A
49848,A
49822,A
3820,A
3830,A
19490,A
19497,A
3812,A
3814,A
3815,A
3816,A
3818,A
6825,A
31634,A
47630,A
47633,A
47635,A
35760,A
35762,A
35766,A
35769,A
35735,A
35738,A
35742,A
35752,A
17600,A
17602,A
17603,A
8458,A
8463,A
47623,A
8448,A
8455,A
47619,A
12318,A
12322,A
47612,A
35839,A
35843,A
35826,A
35792,A
35804,A
35777,A
35785,A
35788,A
35886,A
35887,A
3801,A
3803,A
3804,A
31577,A
31580,A
31583,A
31564,A
31565,A
31566,A
31567,A
31574,A
31547,A
31549,A
31550,A
31556,A
49858,A
11304,A
11315,A
11316,A
49823,A
49827,A
49834,A
35892,A
35880,A
35884,A
35869,A
35872,A
35875,A
47593,A
47594,A
47598,A
47599,A
47600,A
47576,A
47578,A
47583,A
47567,A
47568,A
47572,A
49863,A
49869,A
31536,A
31537,A
31526,A
31529,A
31530,A
31514,A
31503,A
31588,A
3796,A
3797,A
31495,A
19556,A
31490,A
19535,A
19550,A
31475,A
49874,A
49884,A
1014,A
1030,A
1003,A
47566,A
17541,A
17551,A
17554,A
17511,A
17525,A
17527,A
17509,A
17510,A
12379,A
47544,A
12351,A
19601,A
19604,A
19584,A
31458,A
31465,A
31466,A
31448,A
31451,A
31457,A
31430,A
31432,A
31433,A
19573,A
19574,A
12353,A
12371,A
47533,A
12337,A
47520,A
47524,A
35968,A
35980,A
35984,A
35939,A
35943,A
35921,A
35923,A
35930,A
35936,A
35910,A
35912,A
11280,A
49903,A
49905,A
49912,A
11258,A
49892,A
49894,A
49895,A
49898,A
49900,A
19622,A
31427,A
19606,A
19607,A
19593,A
35917,A
17506,A
17507,A
35995,A
35996,A
36000,A
17505,A
17458,A
17463,A
17471,A
17477,A
35987,A
35991,A
35992,A
17452,A
17426,A
17427,A
31408,A
3864,A
3846,A
3854,A
3855,A
3857,A
3858,A
3859,A
11287,A
49917,A
49918,A
11264,A
11267,A
11270,A
17434,A
7296,A
3226,A
3227,A
3231,A
36013,A
3205,A
3207,A
47516,A
47492,A
47499,A
47487,A
49944,A
960,A
963,A
964,A
965,A
49938,A
49942,A
31382,A
31352,A
31353,A
31361,A
31335,A
31342,A
31343,A
31347,A
31325,A
31327,A
31329,A
47490,A
47472,A
36054,A
36056,A
36059,A
36061,A
36043,A
36046,A
36048,A
36051,A
36024,A
36026,A
36027,A
17445,A
36014,A
36125,A
36127,A
6783,A
31318,A
31319,A
31322,A
31323,A
6768,A
6772,A
19631,A
19641,A
31315,A
19626,A
988,A
990,A
970,A
981,A
36130,A
36132,A
36104,A
36119,A
36079,A
36080,A
36082,A
36084,A
36095,A
36066,A
47460,A
47461,A
47465,A
12408,A
49980,A
49982,A
49984,A
49960,A
49969,A
49972,A
31301,A
31304,A
31305,A
31306,A
31291,A
31292,A
31296,A
31284,A
31269,A
31271,A
31273,A
31274,A
31277,A
12387,A
47454,A
36143,A
36144,A
36148,A
17403,A
17406,A
17409,A
7266,A
7270,A
17392,A
17394,A
17397,A
36134,A
36139,A
17364,A
31266,A
31255,A
31256,A
31224,A
31229,A
31230,A
50009,A
50024,A
50030,A
49997,A
49976,A
49977,A
8788,A
8791,A
8767,A
50043,A
31216,A
31207,A
31210,A
31188,A
31190,A
31192,A
31177,A
17374,A
17354,A
17357,A
36149,A
47448,A
47449,A
47450,A
47425,A
47426,A
47429,A
47430,A
47431,A
47434,A
47435,A
47437,A
1483,A
1485,A
47420,A
47421,A
1477,A
36234,A
36236,A
36242,A
36212,A
36215,A
36223,A
36226,A
36233,A
36195,A
36200,A
36201,A
36203,A
17386,A
36189,A
50083,A
50087,A
19677,A
19679,A
31164,A
19665,A
19674,A
19676,A
6790,A
19643,A
31141,A
50057,A
50061,A
8777,A
8780,A
36277,A
36279,A
36280,A
36281,A
36272,A
36255,A
36257,A
36260,A
36245,A
36250,A
47415,A
47416,A
1460,A
47413,A
47384,A
47385,A
31119,A
3876,A
3889,A
3891,A
3894,A
31101,A
31113,A
11222,A
11227,A
11200,A
11203,A
11210,A
11213,A
50093,A
50066,A
50068,A
31059,A
31040,A
31041,A
31043,A
31048,A
31097,A
31099,A
19697,A
19681,A
19688,A
19690,A
31095,A
31126,A
31131,A
47387,A
47376,A
47378,A
47381,A
17344,A
17348,A
17351,A
36306,A
36307,A
17329,A
36302,A
17316,A
17320,A
36285,A
36291,A
50151,A
50128,A
50129,A
50109,A
50116,A
50121,A
31079,A
31081,A
31084,A
31085,A
31063,A
31065,A
31054,A
31058,A
36294,A
36343,A
36344,A
36346,A
36336,A
36325,A
36327,A
36316,A
12465,A
12466,A
12443,A
12444,A
12452,A
11187,A
941,A
11154,A
11158,A
927,A
932,A
31016,A
30968,A
30984,A
31000,A
30960,A
30961,A
30962,A
30963,A
30967,A
904,A
906,A
917,A
50142,A
50146,A
47365,A
12430,A
47350,A
47352,A
17306,A
17309,A
3202,A
3203,A
17293,A
17294,A
17279,A
3187,A
3193,A
19731,A
19732,A
19733,A
19735,A
30939,A
30940,A
30941,A
30943,A
30944,A
30945,A
19724,A
30931,A
30936,A
30937,A
11194,A
50168,A
11179,A
11185,A
17234,A
17248,A
7327,A
36397,A
36398,A
36371,A
36372,A
36373,A
36374,A
36378,A
8426,A
8413,A
11119,A
50196,A
50209,A
50210,A
50172,A
50176,A
50177,A
50187,A
50189,A
30929,A
30906,A
30907,A
30892,A
30897,A
30871,A
30884,A
19741,A
19744,A
8418,A
8420,A
12483,A
47308,A
47319,A
36435,A
36437,A
36441,A
36442,A
36426,A
36431,A
36410,A
36411,A
36415,A
36418,A
36424,A
36400,A
36470,A
36472,A
36473,A
36479,A
36465,A
36453,A
36456,A
36457,A
36443,A
36444,A
36450,A
12518,A
12520,A
12500,A
12504,A
12509,A
12511,A
47282,A
8436,A
8437,A
19807,A
19808,A
30870,A
19772,A
19779,A
19789,A
19795,A
30860,A
30865,A
19768,A
30842,A
30843,A
30844,A
30853,A
11120,A
11121,A
11142,A
11144,A
11102,A
12492,A
12496,A
47270,A
47271,A
47280,A
7301,A
7309,A
36523,A
17212,A
17213,A
17221,A
47251,A
47254,A
47256,A
47258,A
47264,A
47238,A
50241,A
50248,A
50225,A
50232,A
3938,A
3941,A
3946,A
6728,A
6729,A
6734,A
6743,A
19824,A
3930,A
19816,A
19818,A
47248,A
47249,A
47231,A
47234,A
47236,A
47208,A
47210,A
47224,A
36583,A
36584,A
36589,A
36566,A
36569,A
36576,A
36550,A
36556,A
36563,A
868,A
871,A
3921,A
3923,A
3926,A
3929,A
30823,A
30824,A
30827,A
30833,A
3910,A
30818,A
30799,A
50277,A
50281,A
50283,A
50262,A
50263,A
50264,A
50273,A
50239,A
36536,A
36599,A
36601,A
36602,A
36603,A
36606,A
36607,A
3147,A
3151,A
3152,A
3160,A
3135,A
3136,A
3137,A
3138,A
3141,A
3142,A
3143,A
36593,A
3134,A
30791,A
30778,A
30784,A
30763,A
30770,A
30748,A
50315,A
50290,A
50295,A
50299,A
878,A
879,A
885,A
897,A
50287,A
866,A
17197,A
17201,A
17177,A
17187,A
17188,A
17190,A
17163,A
17168,A
17172,A
17173,A
36608,A
12541,A
12542,A
12545,A
12525,A
12535,A
47181,A
47192,A
47196,A
47200,A
36678,A
36665,A
36666,A
36667,A
36676,A
36657,A
36660,A
36661,A
36664,A
36638,A
36640,A
36648,A
47165,A
47167,A
47168,A
1518,A
11059,A
11061,A
11064,A
11065,A
19856,A
19834,A
19836,A
6750,A
6752,A
6754,A
19825,A
19831,A
30722,A
30724,A
30738,A
30789,A
30790,A
1520,A
1522,A
1524,A
47163,A
1514,A
1515,A
47156,A
1497,A
1501,A
1502,A
36741,A
36742,A
36744,A
36755,A
36730,A
36709,A
36712,A
36718,A
36719,A
36699,A
30638,A
30709,A
30710,A
30699,A
30701,A
30706,A
30659,A
30662,A
30667,A
30678,A
30652,A
30655,A
30656,A
30658,A
11089,A
11094,A
11071,A
11075,A
11076,A
36702,A
36708,A
36773,A
36776,A
17149,A
17150,A
17127,A
17133,A
17134,A
17135,A
36760,A
36762,A
17094,A
17097,A
50388,A
50392,A
50394,A
50370,A
50342,A
50364,A
50365,A
30639,A
30649,A
19890,A
19892,A
19902,A
19909,A
19876,A
19889,A
30630,A
30631,A
30635,A
17070,A
17074,A
36795,A
36779,A
36780,A
12619,A
47144,A
47154,A
12602,A
12612,A
12613,A
12615,A
12616,A
12584,A
12591,A
50413,A
50414,A
50425,A
30628,A
30598,A
30604,A
30610,A
30612,A
30589,A
30591,A
30592,A
30593,A
30580,A
30585,A
50401,A
50405,A
50382,A
50383,A
50387,A
12595,A
47126,A
47131,A
47137,A
36870,A
36878,A
36841,A
36858,A
17120,A
47108,A
47122,A
47124,A
47099,A
47100,A
30577,A
30562,A
30569,A
30550,A
30551,A
30558,A
30560,A
30538,A
30540,A
30544,A
30545,A
30549,A
844,A
50455,A
50456,A
824,A
50447,A
47104,A
47105,A
47090,A
47093,A
47077,A
47081,A
36921,A
36925,A
36930,A
36912,A
36914,A
36915,A
36897,A
36900,A
36901,A
36879,A
36884,A
36885,A
17062,A
17065,A
17066,A
3084,A
17047,A
17052,A
17055,A
17058,A
17060,A
17027,A
17035,A
17037,A
17038,A
36944,A
7361,A
17025,A
36948,A
36953,A
36956,A
36957,A
3974,A
30499,A
30501,A
3950,A
3952,A
3953,A
6695,A
6701,A
19936,A
6683,A
6690,A
30534,A
19931,A
19935,A
30518,A
30520,A
30571,A
36958,A
3115,A
3121,A
3122,A
3100,A
3101,A
3104,A
3106,A
3088,A
3090,A
3092,A
3099,A
47071,A
47072,A
47074,A
47076,A
8363,A
12624,A
12627,A
12647,A
8815,A
8824,A
8829,A
11049,A
11050,A
11052,A
11056,A
8807,A
847,A
11047,A
11048,A
30513,A
30514,A
3977,A
30504,A
30506,A
3955,A
3957,A
8352,A
47061,A
47063,A
47066,A
47067,A
47069,A
37015,A
37018,A
36996,A
37005,A
37006,A
36973,A
36960,A
47048,A
47060,A
47030,A
47031,A
10998,A
11003,A
50462,A
50471,A
50473,A
19969,A
30495,A
30497,A
19955,A
19957,A
19960,A
19945,A
30480,A
30487,A
854,A
50460,A
47038,A
47042,A
47024,A
47025,A
47001,A
47003,A
47010,A
47014,A
7358,A
37044,A
37047,A
7337,A
7343,A
7345,A
17015,A
17016,A
17017,A
17020,A
17021,A
30473,A
30463,A
30434,A
30438,A
30421,A
30423,A
11026,A
11036,A
11006,A
11022,A
11023,A
50479,A
50484,A
50491,A
17024,A
7335,A
37110,A
37112,A
37113,A
37093,A
37059,A
37069,A
37086,A
37048,A
37058,A
37155,A
37157,A
30395,A
30399,A
30400,A
30406,A
30385,A
10952,A
50532,A
50537,A
50508,A
50513,A
50523,A
50525,A
50496,A
50500,A
50501,A
50502,A
30467,A
37159,A
37162,A
37147,A
37153,A
37132,A
37134,A
37136,A
37143,A
37144,A
37114,A
37115,A
46991,A
46999,A
46983,A
46985,A
46959,A
46967,A
30290,A
30369,A
20008,A
19980,A
19986,A
30354,A
30366,A
30414,A
46946,A
46948,A
46951,A
17006,A
37174,A
37175,A
37176,A
16986,A
16964,A
37164,A
37166,A
37170,A
37171,A
3047,A
3048,A
37205,A
37209,A
37211,A
50579,A
50585,A
50556,A
50561,A
50562,A
50564,A
50542,A
50548,A
30334,A
30342,A
30343,A
30320,A
30325,A
30330,A
30302,A
30313,A
37195,A
37198,A
37199,A
37203,A
37188,A
37190,A
37191,A
46943,A
46945,A
12662,A
46922,A
46931,A
30238,A
20068,A
20081,A
4030,A
4032,A
20048,A
20055,A
20037,A
20042,A
20047,A
4023,A
4026,A
4027,A
20031,A
20032,A
50593,A
50596,A
50597,A
50602,A
50575,A
16962,A
16952,A
16921,A
16926,A
3053,A
3062,A
3063,A
3065,A
46907,A
46920,A
1554,A
1555,A
1567,A
8860,A
10931,A
10934,A
10948,A
10949,A
50613,A
4000,A
4016,A
4019,A
4020,A
3991,A
3996,A
30244,A
30252,A
30255,A
30233,A
30237,A
46903,A
1535,A
1539,A
1544,A
46891,A
46898,A
37278,A
37279,A
37262,A
37267,A
37269,A
37244,A
37245,A
37246,A
37249,A
37252,A
37224,A
37225,A
37227,A
37229,A
37235,A
786,A
30218,A
30220,A
30230,A
30231,A
30213,A
30215,A
30187,A
30177,A
30181,A
8871,A
50642,A
8846,A
8856,A
37326,A
37333,A
37334,A
37335,A
37336,A
37313,A
37296,A
37297,A
37300,A
37304,A
37312,A
12717,A
12719,A
12722,A
12724,A
12727,A
12737,A
12700,A
12704,A
12711,A
12712,A
12713,A
12715,A
46881,A
12696,A
46874,A
46876,A
46877,A
46879,A
16911,A
16915,A
37370,A
37377,A
16889,A
16892,A
16893,A
16895,A
16874,A
16878,A
16880,A
16888,A
6651,A
6659,A
6665,A
6674,A
30146,A
30148,A
30151,A
30154,A
30157,A
50675,A
50660,A
50664,A
787,A
805,A
810,A
37342,A
37343,A
37344,A
37345,A
37421,A
37425,A
37427,A
37428,A
37415,A
37395,A
37380,A
37384,A
37385,A
37388,A
46864,A
46867,A
46858,A
46825,A
20113,A
4062,A
30131,A
4053,A
4054,A
4037,A
4042,A
4044,A
4049,A
4050,A
4052,A
30123,A
4036,A
30171,A
46830,A
46831,A
46832,A
46785,A
46797,A
46810,A
16865,A
16873,A
37446,A
16853,A
37443,A
7402,A
37435,A
37436,A
37439,A
10918,A
10925,A
10891,A
10904,A
50679,A
50681,A
50682,A
50683,A
50686,A
10887,A
10888,A
20137,A
20139,A
20141,A
20119,A
20132,A
20109,A
37440,A
3020,A
37476,A
37478,A
37479,A
37460,A
37461,A
37465,A
37466,A
37448,A
37450,A
37453,A
8335,A
1608,A
46784,A
8313,A
8315,A
30022,A
30085,A
30087,A
30077,A
30084,A
30062,A
30066,A
30040,A
30042,A
30058,A
10927,A
50694,A
50696,A
50710,A
10908,A
50751,A
50738,A
50744,A
50712,A
50714,A
50715,A
50725,A
50726,A
20162,A
20186,A
20157,A
20160,A
30023,A
30029,A
30032,A
30014,A
1585,A
7386,A
7388,A
7389,A
3041,A
7373,A
16827,A
16828,A
16836,A
16837,A
3022,A
37548,A
37549,A
37551,A
37555,A
37556,A
37557,A
37537,A
37539,A
37501,A
37509,A
37510,A
37515,A
37526,A
37490,A
37491,A
37494,A
1579,A
1581,A
46766,A
46768,A
46773,A
46755,A
46758,A
46759,A
46760,A
46764,A
46765,A
30002,A
30004,A
20213,A
20215,A
20219,A
20227,A
20228,A
20202,A
20205,A
20208,A
29986,A
29993,A
20191,A
50762,A
50763,A
50776,A
50777,A
50745,A
50746,A
50750,A
46753,A
16803,A
16811,A
16812,A
16813,A
37591,A
16788,A
16790,A
37571,A
37576,A
16779,A
16780,A
37563,A
37567,A
10852,A
10853,A
50784,A
10849,A
29973,A
29977,A
29981,A
29968,A
29952,A
29958,A
29933,A
29942,A
29943,A
29947,A
29998,A
37635,A
37636,A
3000,A
3002,A
3005,A
3006,A
3007,A
2986,A
2988,A
2976,A
2977,A
2978,A
12804,A
46730,A
12790,A
12795,A
12798,A
12801,A
12777,A
29921,A
29923,A
29924,A
29916,A
29887,A
29889,A
29902,A
29877,A
29879,A
29885,A
10883,A
50790,A
50796,A
50798,A
50799,A
50804,A
10864,A
10865,A
10870,A
46720,A
46721,A
8347,A
12763,A
37654,A
16759,A
16770,A
16745,A
16754,A
16755,A
16758,A
37639,A
37640,A
37650,A
16737,A
16743,A
50822,A
50829,A
50813,A
6632,A
6635,A
6637,A
6640,A
4100,A
6618,A
6624,A
6626,A
6629,A
4093,A
4097,A
4098,A
4073,A
4075,A
37726,A
37727,A
37731,A
37674,A
37679,A
37684,A
46703,A
46711,A
46712,A
46687,A
46696,A
10840,A
50835,A
4069,A
29854,A
29865,A
29844,A
29826,A
29828,A
10824,A
10827,A
10832,A
10798,A
10805,A
10807,A
10818,A
50821,A
46677,A
46682,A
46663,A
46672,A
37749,A
37751,A
37754,A
37759,A
16724,A
16725,A
16729,A
16713,A
16700,A
46657,A
46658,A
46634,A
29812,A
29817,A
6646,A
6647,A
29806,A
29808,A
776,A
751,A
759,A
768,A
771,A
774,A
50852,A
10834,A
10837,A
46637,A
46640,A
46629,A
46630,A
46632,A
46612,A
46618,A
37800,A
37805,A
37787,A
37793,A
37794,A
37797,A
37776,A
37780,A
37784,A
37772,A
37773,A
37774,A
37841,A
37845,A
37847,A
37832,A
37840,A
37823,A
37824,A
37828,A
37830,A
37831,A
12853,A
1653,A
46604,A
46605,A
12838,A
12849,A
12852,A
50871,A
50877,A
50883,A
50885,A
50886,A
29790,A
29791,A
29792,A
29794,A
29771,A
29772,A
29780,A
29782,A
29783,A
29757,A
29759,A
29764,A
29765,A
29744,A
20291,A
20294,A
1641,A
12806,A
37894,A
37897,A
37881,A
37884,A
37875,A
37852,A
37853,A
37854,A
37855,A
37856,A
16687,A
37912,A
20343,A
4124,A
4139,A
20299,A
4110,A
4117,A
4118,A
50933,A
50938,A
50911,A
50915,A
50927,A
50889,A
50890,A
50893,A
50905,A
16681,A
16685,A
16674,A
37901,A
37906,A
16652,A
16657,A
1623,A
1630,A
46601,A
46602,A
1612,A
1619,A
46573,A
46588,A
50945,A
8907,A
29738,A
29740,A
29741,A
29721,A
29723,A
29728,A
29734,A
29735,A
29711,A
29713,A
29718,A
29720,A
20394,A
29705,A
29708,A
29710,A
20336,A
20338,A
46589,A
46561,A
46562,A
46563,A
46564,A
2948,A
2953,A
2954,A
2956,A
37955,A
37956,A
37968,A
37969,A
37972,A
37937,A
37941,A
37926,A
37932,A
37933,A
37934,A
37935,A
16633,A
16644,A
16645,A
20370,A
20383,A
29701,A
20354,A
20362,A
29675,A
29680,A
29681,A
29686,A
29693,A
29657,A
50954,A
10769,A
10777,A
10780,A
8908,A
16628,A
7438,A
7439,A
7449,A
16613,A
2957,A
2970,A
46546,A
46548,A
46552,A
46535,A
46540,A
46545,A
46529,A
46530,A
46533,A
46517,A
46518,A
46519,A
38023,A
38035,A
38044,A
38007,A
38011,A
38013,A
38016,A
37996,A
38000,A
38004,A
46507,A
46513,A
8288,A
8302,A
50993,A
51007,A
50981,A
50980,A
6575,A
6581,A
6582,A
6584,A
6589,A
29645,A
20400,A
20414,A
20415,A
6573,A
6574,A
29632,A
29635,A
29615,A
29616,A
10737,A
10739,A
10741,A
722,A
20457,A
29602,A
29608,A
29613,A
20441,A
20418,A
6608,A
6612,A
718,A
12869,A
46500,A
12857,A
12860,A
7428,A
38079,A
38083,A
38086,A
16610,A
7405,A
7406,A
7411,A
7413,A
7427,A
16598,A
16602,A
16603,A
16606,A
38054,A
38061,A
16576,A
38115,A
16552,A
16555,A
16560,A
38098,A
38101,A
38102,A
38103,A
38112,A
38114,A
38091,A
38092,A
38094,A
38160,A
38161,A
51021,A
29584,A
29587,A
29591,A
29592,A
29564,A
29576,A
29541,A
29549,A
29552,A
29538,A
29539,A
8892,A
8897,A
10743,A
10750,A
8877,A
8881,A
732,A
10729,A
38162,A
38164,A
38167,A
38142,A
38149,A
38156,A
38129,A
38130,A
38131,A
46489,A
46459,A
46467,A
46468,A
46472,A
46473,A
46448,A
46451,A
29518,A
29514,A
29493,A
29497,A
29482,A
29486,A
29490,A
51083,A
51061,A
51030,A
51035,A
51041,A
743,A
51016,A
51017,A
51018,A
10695,A
10699,A
10704,A
10713,A
51105,A
29468,A
29469,A
29472,A
29452,A
29458,A
29461,A
29444,A
29447,A
29448,A
29449,A
29450,A
20498,A
20500,A
16530,A
16548,A
38186,A
38189,A
38169,A
38246,A
38235,A
38236,A
38239,A
38241,A
38243,A
38218,A
38195,A
38196,A
38201,A
38216,A
38217,A
46416,A
46417,A
46418,A
46402,A
46407,A
46392,A
46398,A
20489,A
20491,A
20493,A
20495,A
29423,A
20461,A
20467,A
29415,A
29417,A
29418,A
29399,A
29405,A
51109,A
51112,A
51113,A
51117,A
10719,A
8961,A
51128,A
51134,A
29394,A
20519,A
4160,A
4162,A
4166,A
4167,A
4169,A
4171,A
46374,A
46377,A
46383,A
16495,A
16473,A
16478,A
16479,A
2932,A
2910,A
2928,A
12908,A
12902,A
4157,A
29368,A
29369,A
29370,A
29362,A
10644,A
10656,A
51137,A
51141,A
10626,A
682,A
685,A
51181,A
51184,A
20560,A
20563,A
29349,A
6572,A
20534,A
20538,A
20543,A
12873,A
12876,A
1674,A
8311,A
38303,A
38311,A
38312,A
38295,A
38297,A
38299,A
38269,A
38270,A
38273,A
38276,A
38260,A
29248,A
29251,A
29252,A
29257,A
29259,A
29314,A
29321,A
29292,A
29293,A
29294,A
29274,A
29283,A
10628,A
10629,A
10638,A
7480,A
38347,A
16462,A
16463,A
7457,A
7466,A
7477,A
38334,A
16461,A
38332,A
46366,A
46352,A
46355,A
46358,A
46359,A
46365,A
51216,A
51220,A
701,A
51201,A
51202,A
51203,A
8953,A
20608,A
20588,A
29262,A
46341,A
46342,A
46345,A
46327,A
46328,A
46329,A
46330,A
46337,A
38410,A
2869,A
2874,A
38394,A
38405,A
38409,A
38383,A
38384,A
38363,A
38371,A
16447,A
51280,A
51260,A
51262,A
51267,A
29244,A
29246,A
29224,A
29228,A
29206,A
29194,A
29201,A
51239,A
51211,A
2888,A
38416,A
38418,A
16442,A
16417,A
2877,A
2878,A
46314,A
46321,A
46301,A
46303,A
46305,A
46296,A
29104,A
6504,A
29173,A
29186,A
20633,A
20644,A
29163,A
20622,A
20627,A
29154,A
51313,A
51317,A
51323,A
51297,A
46300,A
46280,A
46286,A
38474,A
38479,A
38482,A
38486,A
38467,A
38470,A
38446,A
38451,A
38425,A
38429,A
38441,A
38443,A
12954,A
46269,A
10602,A
10605,A
10607,A
10609,A
10610,A
10618,A
10596,A
10599,A
51324,A
10582,A
29137,A
29142,A
29145,A
29130,A
29133,A
29115,A
29119,A
29127,A
29100,A
12948,A
12950,A
12925,A
12929,A
12932,A
12936,A
12942,A
46263,A
46264,A
46265,A
12923,A
16397,A
38517,A
16372,A
16373,A
16383,A
16384,A
16385,A
7534,A
7535,A
38492,A
38498,A
38499,A
29059,A
29062,A
4216,A
4226,A
4227,A
29096,A
4190,A
4214,A
4215,A
29085,A
29087,A
29088,A
4185,A
4186,A
20680,A
51338,A
51339,A
51347,A
38500,A
38550,A
38557,A
38558,A
38547,A
38536,A
38520,A
38525,A
38526,A
46248,A
46250,A
46255,A
46256,A
46234,A
10532,A
10534,A
10543,A
9004,A
51353,A
625,A
636,A
20662,A
20665,A
6520,A
6523,A
6532,A
6533,A
20653,A
29065,A
6517,A
46221,A
46189,A
46205,A
46209,A
46210,A
38582,A
38588,A
38593,A
7500,A
7511,A
7512,A
7523,A
38571,A
38576,A
38578,A
38579,A
16347,A
51378,A
51381,A
51385,A
29037,A
29038,A
29040,A
29019,A
29020,A
29024,A
29016,A
29017,A
10544,A
10556,A
661,A
663,A
51356,A
9006,A
10531,A
38561,A
38562,A
38563,A
38565,A
38567,A
16315,A
16317,A
16302,A
16304,A
38610,A
38617,A
38604,A
38605,A
38678,A
28979,A
28954,A
28946,A
20730,A
20731,A
20737,A
20738,A
51425,A
51436,A
51419,A
51389,A
51393,A
38693,A
38660,A
38667,A
38673,A
38648,A
38650,A
38653,A
38654,A
16338,A
16340,A
12990,A
46182,A
12977,A
20745,A
20748,A
20749,A
20750,A
20753,A
28909,A
28914,A
20698,A
20714,A
20717,A
20718,A
20691,A
4228,A
4229,A
4236,A
4240,A
4242,A
12979,A
12981,A
1711,A
1715,A
38701,A
38703,A
38704,A
38707,A
38708,A
38710,A
2854,A
2855,A
2856,A
2861,A
2863,A
2845,A
2846,A
2847,A
10522,A
8974,A
8978,A
51441,A
10513,A
10518,A
20785,A
20787,A
20795,A
28918,A
28920,A
20763,A
20775,A
20778,A
20740,A
2826,A
2835,A
38750,A
38753,A
38738,A
38740,A
38741,A
38744,A
38728,A
38715,A
38716,A
38725,A
38726,A
1705,A
1706,A
28823,A
28895,A
28869,A
28875,A
28876,A
28848,A
28852,A
28864,A
28865,A
28839,A
51446,A
51447,A
51448,A
8983,A
8984,A
51470,A
51471,A
51479,A
51456,A
51459,A
6464,A
6473,A
20808,A
6456,A
6463,A
28826,A
28816,A
46167,A
46136,A
46140,A
16285,A
16286,A
16295,A
16276,A
16255,A
16257,A
16259,A
16262,A
38767,A
4270,A
4273,A
28805,A
28808,A
28811,A
28812,A
28783,A
28785,A
28802,A
20860,A
20867,A
28755,A
51515,A
51519,A
51528,A
51531,A
51501,A
51506,A
16224,A
16236,A
16214,A
38797,A
38798,A
38800,A
38803,A
38779,A
38783,A
38787,A
38848,A
38849,A
38854,A
38856,A
10492,A
51533,A
51534,A
5616,A
51539,A
20842,A
20843,A
20825,A
20827,A
20835,A
4285,A
4265,A
4266,A
4268,A
38881,A
38834,A
38837,A
38844,A
38845,A
38825,A
38829,A
38832,A
38819,A
13022,A
13027,A
13032,A
20905,A
20912,A
28749,A
28750,A
28753,A
9367,A
20891,A
20895,A
28746,A
20870,A
20872,A
28735,A
28736,A
28738,A
10510,A
51552,A
10495,A
10499,A
10506,A
46120,A
12996,A
16195,A
16197,A
16203,A
16180,A
16170,A
16174,A
38882,A
38894,A
38895,A
590,A
593,A
576,A
28729,A
28730,A
28731,A
28703,A
28707,A
28708,A
28709,A
28711,A
28719,A
28696,A
28675,A
38938,A
38949,A
38933,A
38935,A
38937,A
38911,A
38914,A
38917,A
38919,A
16205,A
38901,A
38903,A
38904,A
38908,A
38910,A
46093,A
46097,A
46105,A
46078,A
46085,A
46090,A
46056,A
28661,A
20935,A
20938,A
20940,A
20947,A
20953,A
28641,A
28647,A
20919,A
20920,A
28630,A
28632,A
10446,A
10447,A
10454,A
10456,A
10457,A
10429,A
10434,A
10437,A
46057,A
46058,A
46063,A
46045,A
46053,A
46054,A
7570,A
16133,A
38965,A
38969,A
7561,A
38957,A
38961,A
13086,A
46038,A
51590,A
10466,A
51557,A
28620,A
28627,A
28605,A
28606,A
28609,A
28612,A
28614,A
28598,A
28583,A
28587,A
28589,A
28590,A
28591,A
28648,A
13068,A
13074,A
13075,A
46037,A
13061,A
46023,A
46024,A
46028,A
46030,A
16106,A
16107,A
16108,A
16115,A
38999,A
39004,A
39007,A
38987,A
38989,A
38994,A
38996,A
39030,A
39032,A
39034,A
2797,A
2805,A
2809,A
2779,A
2784,A
2786,A
2790,A
7554,A
39017,A
2776,A
39079,A
39080,A
28577,A
28580,A
28558,A
28561,A
4331,A
4338,A
6424,A
6428,A
6432,A
6434,A
51641,A
51647,A
51648,A
51649,A
51571,A
51572,A
39084,A
39089,A
39092,A
39065,A
39069,A
39038,A
39040,A
39041,A
39044,A
39049,A
46022,A
46004,A
46007,A
46008,A
46011,A
45986,A
45988,A
45989,A
45998,A
10395,A
10408,A
51652,A
51653,A
51654,A
6418,A
6419,A
4307,A
4315,A
20963,A
20968,A
28534,A
4297,A
28572,A
45983,A
16088,A
16094,A
16097,A
16098,A
16076,A
16078,A
16079,A
16082,A
16084,A
39105,A
39106,A
39107,A
39108,A
39110,A
39097,A
39100,A
39102,A
39146,A
28457,A
21007,A
21012,A
21021,A
28506,A
20992,A
21001,A
6442,A
6443,A
6445,A
28505,A
10427,A
51663,A
10411,A
10414,A
10415,A
10418,A
16024,A
39133,A
39136,A
39145,A
16105,A
39121,A
45968,A
8255,A
8262,A
13095,A
13099,A
546,A
51665,A
51667,A
51668,A
532,A
534,A
28482,A
28484,A
28490,A
28491,A
28492,A
28471,A
28477,A
28481,A
28462,A
28464,A
28467,A
28469,A
28452,A
28454,A
13101,A
8240,A
45948,A
45949,A
45955,A
13091,A
39191,A
39198,A
39181,A
39189,A
39169,A
39170,A
39172,A
39176,A
39177,A
39158,A
39161,A
39163,A
28448,A
28449,A
28450,A
28432,A
28433,A
28434,A
28435,A
28409,A
51679,A
51680,A
51681,A
51683,A
51684,A
551,A
561,A
39164,A
16009,A
15980,A
16000,A
39219,A
39225,A
7609,A
39206,A
39211,A
39216,A
45935,A
45940,A
45941,A
45943,A
45925,A
45930,A
45916,A
45917,A
45918,A
45921,A
45923,A
45903,A
45907,A
45909,A
39266,A
39268,A
39276,A
39277,A
39278,A
39255,A
39256,A
39259,A
39262,A
39265,A
39236,A
39247,A
39248,A
39226,A
39233,A
39235,A
7573,A
51686,A
51688,A
51689,A
51707,A
28399,A
28403,A
28404,A
21059,A
21066,A
21069,A
21075,A
21035,A
21037,A
21043,A
21045,A
21046,A
21022,A
21023,A
21026,A
21030,A
7577,A
7580,A
7584,A
7587,A
7593,A
39298,A
39300,A
15961,A
15963,A
15964,A
39281,A
39282,A
39287,A
45898,A
45901,A
1762,A
28373,A
28383,A
28363,A
4354,A
4368,A
4342,A
4345,A
4347,A
4348,A
4349,A
4350,A
10365,A
9041,A
10349,A
10353,A
10361,A
51709,A
51711,A
51725,A
9038,A
45882,A
45885,A
1740,A
1743,A
1744,A
1752,A
1756,A
2772,A
2775,A
39322,A
2749,A
2750,A
2763,A
2766,A
2740,A
2744,A
51785,A
51786,A
51789,A
51752,A
51762,A
51733,A
51745,A
51747,A
51748,A
28349,A
28356,A
28342,A
28348,A
28312,A
28313,A
21120,A
21123,A
21125,A
2748,A
39304,A
39306,A
39312,A
15936,A
15939,A
15941,A
15946,A
39348,A
39324,A
39332,A
39335,A
39336,A
39396,A
39397,A
39399,A
39402,A
507,A
21102,A
21104,A
21105,A
21109,A
21089,A
21100,A
28297,A
28301,A
21080,A
21081,A
28290,A
28293,A
28294,A
51800,A
51810,A
51813,A
39403,A
39387,A
39391,A
39381,A
39382,A
39349,A
39354,A
13130,A
45879,A
45868,A
45873,A
8273,A
45863,A
28267,A
28275,A
28250,A
28257,A
28231,A
28235,A
28241,A
28245,A
9032,A
9035,A
516,A
9021,A
9031,A
10338,A
51814,A
499,A
501,A
503,A
39467,A
39455,A
39456,A
39461,A
39446,A
39448,A
39449,A
39406,A
39407,A
39435,A
39437,A
45843,A
45850,A
45820,A
45825,A
45780,A
45784,A
51834,A
6391,A
28215,A
28217,A
6387,A
28205,A
28207,A
21127,A
21130,A
28187,A
28194,A
28266,A
45785,A
45793,A
15902,A
39496,A
15878,A
15887,A
15893,A
15897,A
15868,A
15870,A
39558,A
39559,A
39562,A
21188,A
21189,A
21159,A
21161,A
28157,A
28164,A
51891,A
51865,A
51867,A
51878,A
51842,A
51844,A
51853,A
51829,A
51833,A
39568,A
39570,A
39545,A
39551,A
39554,A
39522,A
39523,A
39532,A
39511,A
39513,A
13182,A
45778,A
13164,A
24081,A
45771,A
13141,A
51904,A
51905,A
51907,A
28155,A
28146,A
28120,A
28121,A
28122,A
28126,A
28136,A
28137,A
28112,A
28114,A
28115,A
28119,A
21175,A
21182,A
13151,A
15861,A
15864,A
39594,A
15849,A
15857,A
7650,A
15831,A
15835,A
15842,A
39571,A
39576,A
39577,A
39578,A
39583,A
39599,A
39600,A
28082,A
28087,A
28068,A
28074,A
28052,A
28064,A
10321,A
10325,A
10317,A
51910,A
10285,A
10289,A
10303,A
51898,A
39610,A
2720,A
2726,A
2729,A
2716,A
39598,A
2703,A
45735,A
45743,A
45714,A
45716,A
45717,A
45718,A
45723,A
45706,A
45708,A
45709,A
51929,A
51933,A
21233,A
4410,A
4411,A
21216,A
21219,A
21221,A
21227,A
4409,A
4398,A
4399,A
4400,A
4401,A
4403,A
4405,A
28092,A
28108,A
45710,A
45696,A
45703,A
45704,A
7623,A
15820,A
15828,A
15829,A
7618,A
7619,A
39635,A
15816,A
15818,A
39627,A
39628,A
39631,A
28044,A
28047,A
28048,A
28033,A
28035,A
28037,A
28016,A
28019,A
28025,A
51964,A
51954,A
51959,A
51949,A
39632,A
39706,A
39677,A
39678,A
39680,A
39683,A
39668,A
39670,A
39674,A
39661,A
39662,A
13221,A
13226,A
45686,A
45687,A
13207,A
13208,A
13210,A
13211,A
475,A
51973,A
452,A
453,A
21286,A
21288,A
28007,A
28008,A
28014,A
21269,A
21282,A
21257,A
21265,A
21244,A
21245,A
21250,A
4387,A
4391,A
4393,A
13212,A
13215,A
13187,A
15811,A
39716,A
39730,A
39782,A
39785,A
51991,A
9300,A
27982,A
27990,A
27994,A
27974,A
27976,A
27980,A
27962,A
27963,A
27972,A
27950,A
27953,A
27958,A
10269,A
10276,A
10278,A
10252,A
10254,A
10256,A
39790,A
39766,A
39769,A
39771,A
39772,A
39761,A
39764,A
39745,A
39746,A
39747,A
39751,A
45668,A
45670,A
45672,A
45663,A
45664,A
1789,A
1796,A
1800,A
45649,A
27941,A
27934,A
27935,A
27936,A
27913,A
27914,A
27915,A
27893,A
27899,A
52047,A
52048,A
52050,A
52055,A
52061,A
52063,A
52024,A
51994,A
51995,A
1786,A
15769,A
39822,A
15748,A
15755,A
15759,A
15765,A
39815,A
39791,A
39796,A
39797,A
45647,A
1765,A
1776,A
1778,A
10206,A
52072,A
52073,A
6355,A
6356,A
6361,A
21307,A
6346,A
6354,A
21289,A
21298,A
53781,A
21303,A
27877,A
27884,A
45639,A
45644,A
45645,A
45630,A
45634,A
45636,A
45612,A
45613,A
45625,A
45626,A
2672,A
2673,A
39857,A
39864,A
39848,A
39849,A
39854,A
39836,A
39838,A
39840,A
39909,A
39910,A
39914,A
39882,A
39885,A
39898,A
39899,A
39900,A
39871,A
39876,A
39880,A
2682,A
2688,A
2689,A
2691,A
2697,A
45600,A
45606,A
45587,A
27869,A
27853,A
53783,A
27839,A
27840,A
27841,A
27847,A
27830,A
27831,A
27832,A
27833,A
27835,A
52089,A
10223,A
10229,A
10231,A
9071,A
9072,A
52126,A
52095,A
52096,A
52101,A
27811,A
27821,A
27802,A
27788,A
27776,A
27777,A
27865,A
45578,A
45583,A
45584,A
45571,A
45572,A
45574,A
39916,A
39919,A
39922,A
15714,A
15718,A
15720,A
15721,A
15725,A
15707,A
15687,A
15693,A
15694,A
4454,A
21318,A
21341,A
6369,A
21310,A
21316,A
52150,A
52157,A
52160,A
52127,A
52129,A
52131,A
52113,A
52123,A
15667,A
15679,A
39958,A
53785,A
39953,A
39955,A
39956,A
15627,A
39929,A
39930,A
45550,A
45555,A
45558,A
45528,A
45533,A
10183,A
10186,A
10191,A
10192,A
10199,A
52178,A
52181,A
4424,A
4427,A
4429,A
27753,A
27758,A
27749,A
27718,A
27724,A
27728,A
21343,A
21354,A
45534,A
45537,A
45520,A
45494,A
45499,A
15594,A
15605,A
15612,A
40021,A
15590,A
9358,A
39980,A
39981,A
40014,A
39966,A
21390,A
21365,A
21371,A
21378,A
21357,A
21358,A
21362,A
21363,A
21364,A
27698,A
27703,A
9058,A
9051,A
9053,A
40094,A
40095,A
40073,A
40074,A
40041,A
40044,A
40047,A
15613,A
40022,A
40023,A
40025,A
8218,A
8219,A
8231,A
8232,A
45485,A
45487,A
13227,A
8202,A
439,A
52188,A
412,A
413,A
415,A
418,A
419,A
27691,A
27668,A
27638,A
27641,A
27643,A
27630,A
27636,A
45467,A
45472,A
45479,A
45458,A
45462,A
45466,A
7679,A
40137,A
40139,A
15582,A
7657,A
7668,A
15567,A
15568,A
15578,A
40096,A
40097,A
40101,A
15539,A
15540,A
15543,A
15545,A
15551,A
2654,A
15527,A
15537,A
2638,A
2646,A
40145,A
40148,A
40149,A
40150,A
13265,A
13273,A
45451,A
45455,A
21409,A
21421,A
4458,A
4466,A
4469,A
10148,A
10149,A
10167,A
10169,A
450,A
440,A
446,A
9110,A
10128,A
433,A
436,A
437,A
13249,A
13251,A
13255,A
13256,A
13257,A
13258,A
45450,A
8238,A
13237,A
13242,A
45434,A
45437,A
45442,A
40191,A
40204,A
40206,A
40177,A
40182,A
40185,A
40186,A
40188,A
52210,A
52189,A
52190,A
52191,A
21472,A
27598,A
21462,A
21465,A
21466,A
21471,A
21441,A
21445,A
21456,A
21457,A
27571,A
27585,A
21432,A
21424,A
21428,A
40162,A
40165,A
40175,A
15557,A
15564,A
40154,A
9362,A
40243,A
40244,A
40245,A
40246,A
40251,A
15481,A
15485,A
15487,A
24005,A
15502,A
40230,A
7730,A
15476,A
15479,A
40213,A
40216,A
40224,A
40293,A
40281,A
40282,A
40267,A
40268,A
40271,A
40277,A
40254,A
40265,A
45424,A
45430,A
45432,A
45412,A
45413,A
45416,A
45418,A
27560,A
27562,A
27563,A
27565,A
27539,A
27542,A
27550,A
27552,A
27530,A
27536,A
27537,A
27516,A
27517,A
27521,A
52215,A
52217,A
52206,A
52207,A
52209,A
45420,A
1828,A
1829,A
1834,A
1835,A
1804,A
1805,A
1815,A
1816,A
7718,A
7723,A
7695,A
7696,A
40310,A
40312,A
15468,A
40296,A
40297,A
40303,A
24006,A
52251,A
52252,A
52256,A
21512,A
21496,A
4527,A
4517,A
4523,A
4525,A
27554,A
40305,A
40367,A
40378,A
40362,A
40365,A
24157,A
40323,A
40324,A
45405,A
45408,A
45410,A
1802,A
13301,A
13302,A
13305,A
13306,A
13308,A
13315,A
13281,A
13293,A
4505,A
27457,A
27464,A
27468,A
27476,A
27486,A
6310,A
6325,A
27436,A
52273,A
52275,A
52276,A
5609,A
10126,A
9082,A
9096,A
52262,A
52264,A
10120,A
45397,A
45398,A
45399,A
45403,A
15431,A
40394,A
40395,A
40398,A
40401,A
40388,A
45373,A
45379,A
45380,A
45387,A
45366,A
45368,A
27382,A
27386,A
21532,A
21536,A
21541,A
6301,A
6306,A
6308,A
27427,A
27433,A
21522,A
21524,A
27407,A
27415,A
21577,A
4575,A
27395,A
27491,A
27497,A
4499,A
45356,A
45361,A
45351,A
40427,A
40428,A
40430,A
40432,A
40433,A
2628,A
2605,A
2606,A
2610,A
2614,A
40407,A
52301,A
52310,A
52312,A
52282,A
52287,A
52288,A
52295,A
6337,A
21545,A
21549,A
21567,A
6328,A
6329,A
6330,A
4546,A
2587,A
2595,A
40477,A
40479,A
40481,A
40463,A
40465,A
40467,A
40451,A
40455,A
40457,A
40460,A
40462,A
40437,A
40444,A
40450,A
40547,A
40548,A
27308,A
21620,A
21593,A
27371,A
21592,A
27362,A
27365,A
27367,A
371,A
372,A
52321,A
52333,A
40529,A
40530,A
40537,A
40516,A
40517,A
40519,A
40522,A
40527,A
40488,A
40510,A
45330,A
45331,A
45315,A
45320,A
45326,A
45327,A
10079,A
10082,A
10086,A
10061,A
10064,A
386,A
395,A
400,A
21676,A
27341,A
27343,A
27351,A
21651,A
21652,A
21655,A
21634,A
21636,A
21642,A
21644,A
45313,A
40564,A
15389,A
15395,A
15397,A
15400,A
15379,A
15382,A
15384,A
15386,A
40558,A
15364,A
15366,A
15376,A
40582,A
4597,A
27227,A
27235,A
21711,A
21714,A
27288,A
27293,A
27303,A
21704,A
21706,A
21707,A
21690,A
21693,A
21696,A
21700,A
21681,A
21682,A
10091,A
405,A
409,A
2551,A
5612,A
2562,A
40571,A
40572,A
2545,A
2549,A
13356,A
45285,A
45286,A
45288,A
13333,A
45279,A
23970,A
13326,A
45261,A
45262,A
52377,A
52362,A
52363,A
52366,A
52368,A
52370,A
52347,A
52348,A
52356,A
27274,A
4602,A
4584,A
4589,A
4596,A
45263,A
45268,A
15355,A
15359,A
15361,A
15334,A
15336,A
15351,A
40605,A
40612,A
40616,A
15286,A
27157,A
4616,A
6278,A
6279,A
27217,A
6270,A
6273,A
6277,A
21728,A
21731,A
21733,A
6258,A
27206,A
27214,A
52391,A
52398,A
40652,A
40654,A
40651,A
40631,A
45246,A
45249,A
45235,A
45236,A
45240,A
45241,A
45218,A
45211,A
9144,A
10008,A
52404,A
52412,A
27191,A
27171,A
27184,A
4621,A
4623,A
4631,A
4633,A
27152,A
27154,A
45214,A
45215,A
40704,A
40706,A
40707,A
40716,A
40693,A
40696,A
40697,A
40698,A
40699,A
40668,A
40673,A
40677,A
40681,A
40686,A
40660,A
40661,A
40662,A
40765,A
21767,A
21768,A
6299,A
21737,A
21751,A
27136,A
27140,A
27146,A
6292,A
27118,A
27123,A
10024,A
10042,A
10011,A
10016,A
40769,A
40775,A
40744,A
40747,A
40748,A
40733,A
40736,A
40737,A
40738,A
40739,A
40740,A
40718,A
40731,A
13419,A
45205,A
13392,A
13399,A
13410,A
13412,A
13373,A
13379,A
13388,A
27053,A
27054,A
21827,A
21815,A
21817,A
21792,A
21806,A
27103,A
27109,A
21776,A
21788,A
27084,A
27092,A
27095,A
21766,A
45194,A
23975,A
45196,A
40837,A
40841,A
40821,A
40825,A
40829,A
40830,A
40832,A
40811,A
40817,A
40818,A
40776,A
40778,A
7764,A
40855,A
52471,A
52472,A
52439,A
52452,A
10043,A
10044,A
10046,A
10049,A
52434,A
21862,A
27062,A
21840,A
21845,A
21852,A
21853,A
43812,A
40858,A
40862,A
40864,A
7749,A
7752,A
7754,A
7755,A
7761,A
7732,A
7734,A
7740,A
40851,A
15268,A
15271,A
15272,A
45179,A
45182,A
45183,A
45184,A
45156,A
4669,A
27045,A
27046,A
27038,A
27004,A
27013,A
4683,A
4684,A
26982,A
26985,A
52461,A
52462,A
52466,A
52469,A
45167,A
45169,A
45142,A
45120,A
15249,A
15252,A
15263,A
15229,A
15237,A
2527,A
2530,A
2531,A
2502,A
2514,A
13955,A
9116,A
52507,A
52517,A
9995,A
9996,A
10003,A
6239,A
6241,A
6242,A
4680,A
21870,A
21872,A
21884,A
6216,A
4661,A
4663,A
4666,A
2526,A
40910,A
40914,A
40915,A
40918,A
40919,A
40902,A
40903,A
40881,A
40882,A
2542,A
40877,A
45100,A
45103,A
45082,A
45061,A
52531,A
52533,A
26948,A
26931,A
21913,A
26914,A
9138,A
52522,A
52523,A
52526,A
52528,A
45063,A
45068,A
45074,A
45075,A
1868,A
1871,A
1872,A
1874,A
40965,A
40971,A
40975,A
40978,A
40983,A
40956,A
40961,A
40962,A
40935,A
40938,A
40940,A
40941,A
40930,A
21902,A
21909,A
21887,A
26879,A
21968,A
21974,A
331,A
332,A
52561,A
52542,A
52545,A
52549,A
52556,A
40933,A
15206,A
15210,A
15211,A
15199,A
15202,A
15182,A
15188,A
15164,A
13443,A
43795,A
13455,A
13458,A
1866,A
13432,A
22025,A
6211,A
21941,A
21943,A
21951,A
6188,A
6190,A
6191,A
6192,A
4724,A
22003,A
4701,A
21895,A
13438,A
43804,A
1846,A
1854,A
1857,A
45040,A
45042,A
45056,A
41047,A
41048,A
41049,A
41053,A
41063,A
41039,A
41040,A
41041,A
41046,A
41029,A
41032,A
41034,A
41035,A
41037,A
9970,A
9974,A
9977,A
9980,A
9952,A
9964,A
9967,A
345,A
349,A
351,A
9943,A
9946,A
26858,A
4692,A
22027,A
22031,A
22032,A
22033,A
41014,A
41028,A
2473,A
41113,A
2462,A
41064,A
41065,A
41069,A
41070,A
41093,A
15161,A
2496,A
41131,A
41132,A
26746,A
26824,A
26825,A
26834,A
26839,A
26810,A
26814,A
26770,A
26782,A
9983,A
359,A
15144,A
15148,A
15123,A
15126,A
2488,A
2495,A
7800,A
8179,A
45033,A
8153,A
8155,A
8171,A
45024,A
22063,A
26711,A
26725,A
26727,A
22043,A
26692,A
26694,A
26701,A
4780,A
26755,A
26760,A
4764,A
4771,A
4776,A
4731,A
22085,A
26731,A
45011,A
45016,A
45017,A
45019,A
45020,A
41184,A
41187,A
41188,A
41190,A
41191,A
41164,A
41167,A
41176,A
41153,A
41156,A
41162,A
41163,A
41143,A
41144,A
41145,A
41148,A
9902,A
9907,A
9917,A
52589,A
52579,A
52586,A
22071,A
22073,A
22081,A
22049,A
22050,A
7786,A
7789,A
7797,A
15120,A
41210,A
15104,A
15116,A
41203,A
44999,A
45006,A
45008,A
45010,A
44979,A
44980,A
44985,A
44991,A
26689,A
26691,A
26672,A
26673,A
26676,A
26680,A
26658,A
4835,A
26634,A
26643,A
26644,A
9918,A
9920,A
9935,A
52603,A
52604,A
44971,A
44972,A
44973,A
44977,A
44954,A
44955,A
44960,A
44965,A
44970,A
41272,A
41273,A
41240,A
41245,A
41248,A
41260,A
41227,A
41231,A
41235,A
41211,A
41214,A
41218,A
41220,A
41315,A
26565,A
26584,A
26585,A
26594,A
22106,A
22107,A
22116,A
22093,A
22094,A
22095,A
22099,A
4798,A
26608,A
26609,A
26683,A
26686,A
26687,A
41316,A
41322,A
41325,A
41297,A
41301,A
41302,A
41311,A
41289,A
41290,A
41291,A
41294,A
41295,A
41275,A
41280,A
41283,A
13499,A
13501,A
44952,A
13496,A
13478,A
13480,A
13481,A
13484,A
44944,A
44948,A
41353,A
41356,A
41360,A
41340,A
41341,A
41342,A
41350,A
41327,A
41328,A
44934,A
44936,A
44938,A
44917,A
44920,A
44926,A
52634,A
52644,A
52614,A
52617,A
52619,A
52621,A
6141,A
6155,A
22143,A
22144,A
22146,A
22147,A
6134,A
6140,A
26598,A
26599,A
26604,A
1896,A
1901,A
1902,A
1883,A
1885,A
1891,A
41400,A
41405,A
41407,A
15094,A
15078,A
41381,A
41382,A
4884,A
22175,A
22180,A
22186,A
22187,A
6159,A
22153,A
4843,A
4846,A
4863,A
4875,A
4876,A
52672,A
52673,A
52657,A
52661,A
41394,A
15059,A
41427,A
41428,A
41433,A
2455,A
2456,A
41419,A
2440,A
2442,A
2446,A
2448,A
2449,A
2430,A
2432,A
44899,A
13541,A
13542,A
22280,A
22281,A
26451,A
26452,A
26453,A
26546,A
26550,A
26551,A
4836,A
26523,A
26535,A
26506,A
26508,A
26513,A
22229,A
22194,A
13555,A
13525,A
13537,A
44884,A
44886,A
44888,A
13519,A
15042,A
15008,A
15016,A
15021,A
41451,A
41455,A
41456,A
52701,A
9179,A
9862,A
9863,A
52684,A
52687,A
52699,A
22206,A
22207,A
22209,A
22218,A
22222,A
26473,A
26476,A
26478,A
26492,A
26454,A
26466,A
41448,A
41510,A
41513,A
41515,A
41516,A
41517,A
41489,A
41493,A
41497,A
41503,A
41471,A
41478,A
15050,A
15052,A
41465,A
44868,A
44883,A
44861,A
44862,A
44863,A
44864,A
4889,A
22257,A
22258,A
22259,A
22262,A
22269,A
22246,A
22256,A
4926,A
22325,A
4915,A
4925,A
9893,A
9867,A
9870,A
44866,A
44842,A
44843,A
44847,A
44853,A
44841,A
14974,A
14995,A
7841,A
41536,A
41537,A
41538,A
41544,A
41523,A
41525,A
41530,A
305,A
308,A
52722,A
22308,A
22317,A
22321,A
4899,A
4902,A
4908,A
4909,A
41593,A
41594,A
41596,A
41597,A
41598,A
41577,A
41556,A
15002,A
41545,A
41550,A
41553,A
44786,A
44797,A
44768,A
44771,A
44772,A
44773,A
44780,A
8131,A
8133,A
6114,A
22334,A
26383,A
22333,A
26367,A
26368,A
26371,A
26372,A
9150,A
9157,A
9838,A
9839,A
9843,A
9846,A
293,A
296,A
52748,A
52751,A
314,A
26340,A
26341,A
26343,A
22346,A
26321,A
26335,A
44762,A
44766,A
41611,A
41612,A
41613,A
41615,A
41620,A
2422,A
2427,A
2429,A
2408,A
2421,A
2401,A
2405,A
2407,A
26238,A
26294,A
26278,A
43781,A
26282,A
26288,A
26270,A
26271,A
22422,A
4954,A
26260,A
26262,A
26264,A
52767,A
43789,A
52779,A
52756,A
41642,A
41644,A
41645,A
41647,A
7820,A
7830,A
14943,A
14952,A
14954,A
41634,A
8118,A
8123,A
8124,A
13562,A
9806,A
9808,A
9809,A
52810,A
9783,A
52791,A
52792,A
52801,A
22418,A
22420,A
22385,A
4931,A
44744,A
44746,A
44738,A
44742,A
41690,A
41671,A
41672,A
43754,A
41681,A
41683,A
41665,A
41667,A
41668,A
41669,A
41670,A
41652,A
41653,A
4986,A
4988,A
6057,A
6067,A
26231,A
22442,A
22447,A
26219,A
26224,A
26226,A
22430,A
22431,A
22432,A
26200,A
9817,A
9793,A
41658,A
41741,A
41742,A
41748,A
41731,A
41733,A
41736,A
41737,A
41739,A
41721,A
41723,A
41726,A
41730,A
41713,A
41718,A
41719,A
41720,A
13616,A
13602,A
13608,A
52850,A
52851,A
52855,A
52857,A
43755,A
52845,A
52846,A
4997,A
26195,A
22465,A
22466,A
6075,A
6076,A
6084,A
22455,A
4979,A
13611,A
13581,A
13598,A
1945,A
1948,A
1950,A
41771,A
41774,A
14920,A
14938,A
14907,A
14915,A
14916,A
41831,A
9782,A
52895,A
52896,A
52897,A
52899,A
52901,A
26175,A
4976,A
26144,A
22520,A
22524,A
52880,A
52859,A
52860,A
41832,A
41843,A
41844,A
41824,A
41827,A
41806,A
41812,A
41814,A
41820,A
1935,A
44706,A
44692,A
44693,A
44695,A
22513,A
22500,A
22501,A
26091,A
5044,A
26077,A
52911,A
9184,A
9189,A
9195,A
9200,A
52909,A
44700,A
44675,A
44687,A
44689,A
14890,A
14891,A
14896,A
41864,A
41868,A
14880,A
14859,A
41850,A
43748,A
41862,A
41884,A
26031,A
22582,A
5030,A
22532,A
22537,A
22541,A
22550,A
22551,A
5004,A
5006,A
5007,A
5011,A
22528,A
26053,A
26056,A
5001,A
22506,A
22510,A
41887,A
41891,A
41876,A
41878,A
41879,A
2393,A
2394,A
41873,A
2364,A
44669,A
44672,A
44654,A
44658,A
44662,A
44664,A
44648,A
44649,A
9743,A
249,A
250,A
257,A
263,A
52924,A
239,A
248,A
6047,A
6048,A
26045,A
26051,A
6027,A
6030,A
6031,A
6036,A
6041,A
22593,A
44638,A
14850,A
41923,A
41933,A
14846,A
41911,A
43752,A
14823,A
41892,A
41899,A
41905,A
13653,A
13654,A
13658,A
26017,A
26026,A
26003,A
26013,A
25971,A
25978,A
25986,A
25988,A
25992,A
25960,A
25961,A
9752,A
9753,A
9759,A
5081,A
5083,A
25954,A
22606,A
6052,A
6053,A
5059,A
5067,A
44633,A
13631,A
13648,A
44628,A
44629,A
13625,A
13627,A
44620,A
44622,A
44624,A
14799,A
14800,A
14807,A
14776,A
14782,A
14785,A
14789,A
52978,A
52980,A
277,A
52932,A
274,A
276,A
5054,A
5057,A
25948,A
25930,A
25933,A
25936,A
25940,A
25942,A
25943,A
25904,A
25909,A
41971,A
41937,A
42029,A
42034,A
42039,A
42040,A
42041,A
42044,A
42018,A
42027,A
42028,A
41996,A
41997,A
41999,A
41981,A
41985,A
22675,A
25885,A
25890,A
25870,A
25873,A
25875,A
52982,A
52985,A
53926,A
52973,A
7870,A
42072,A
42073,A
7846,A
7852,A
42065,A
14760,A
42049,A
44605,A
44608,A
44609,A
44612,A
44613,A
44615,A
44595,A
44596,A
22723,A
22710,A
22715,A
22720,A
22701,A
25857,A
22681,A
22684,A
22694,A
25824,A
25828,A
25830,A
25846,A
22659,A
22660,A
44599,A
44604,A
44588,A
44592,A
44593,A
44594,A
44584,A
42087,A
42089,A
42090,A
42091,A
2332,A
2346,A
53021,A
52997,A
52998,A
53000,A
5127,A
25819,A
22755,A
22756,A
22760,A
22761,A
22763,A
22765,A
22736,A
5121,A
5124,A
22722,A
5092,A
5097,A
5105,A
5116,A
25795,A
25797,A
25768,A
6009,A
25752,A
25753,A
53047,A
53048,A
53064,A
42156,A
42163,A
42139,A
42141,A
42146,A
42097,A
42098,A
13707,A
13708,A
44560,A
44565,A
13687,A
9700,A
53075,A
9689,A
22774,A
22778,A
22785,A
25727,A
25744,A
44548,A
44549,A
44552,A
13672,A
13675,A
13681,A
44529,A
53927,A
14755,A
42182,A
42186,A
14741,A
14742,A
14743,A
14747,A
14729,A
14731,A
14739,A
12,A
14714,A
14716,A
25709,A
22818,A
22819,A
6019,A
22799,A
5166,A
5168,A
5169,A
6011,A
6014,A
9707,A
9710,A
9717,A
42239,A
42225,A
42234,A
42211,A
42216,A
42201,A
42204,A
42207,A
42210,A
44523,A
53930,A
13743,A
9312,A
21,A
209,A
210,A
217,A
218,A
53086,A
53089,A
53090,A
5140,A
5141,A
5142,A
5144,A
5149,A
5164,A
5138,A
25693,A
25684,A
13729,A
19,A
13714,A
13719,A
13721,A
14709,A
14692,A
14694,A
42251,A
42254,A
42259,A
42266,A
44505,A
44508,A
44509,A
44513,A
25646,A
25656,A
25632,A
25612,A
25614,A
25626,A
25627,A
25594,A
25596,A
25600,A
25603,A
53104,A
221,A
232,A
235,A
238,A
22878,A
5177,A
5181,A
22854,A
22861,A
25575,A
25587,A
25591,A
5209,A
25562,A
25570,A
25642,A
44491,A
44494,A
44487,A
44461,A
44471,A
42302,A
42303,A
42304,A
42306,A
2316,A
2319,A
2304,A
2308,A
2294,A
9671,A
9673,A
9681,A
53130,A
9651,A
53114,A
53125,A
22913,A
22930,A
22879,A
22886,A
5187,A
5189,A
5191,A
14656,A
42341,A
14635,A
14640,A
14647,A
42338,A
14625,A
14626,A
42321,A
42328,A
42333,A
44450,A
44454,A
44459,A
44431,A
44435,A
44421,A
44423,A
44408,A
44409,A
44413,A
42387,A
42391,A
42392,A
42379,A
42382,A
42357,A
42347,A
42348,A
42351,A
44388,A
44400,A
44402,A
44403,A
25432,A
5955,A
25530,A
25536,A
25537,A
5939,A
5949,A
5950,B
5953,B
5954,B
22951,B
5929,B
5932,B
25518,B
25526,B
22931,B
22933,B
9682,B
53133,B
44404,B
44405,B
44366,B
44352,B
44354,B
44357,B
44358,B
44359,B
44360,B
44363,B
44342,B
44345,B
44349,B
44350,B
42437,B
42439,B
42442,B
42443,B
42431,B
42433,B
5237,B
25416,B
5210,B
5218,B
25496,B
25498,B
25515,B
25486,B
25490,B
25492,B
25447,B
25452,B
25465,B
25470,B
53165,B
53175,B
53176,B
53182,B
53141,B
53151,B
5974,B
5982,B
22953,B
5225,B
5230,B
42409,B
42411,B
42416,B
14602,B
14609,B
14588,B
14589,B
14592,B
14593,B
14599,B
42455,B
42472,B
42475,B
42499,B
23034,B
23036,B
23040,B
23024,B
23025,B
23030,B
25400,B
23003,B
25384,B
25395,B
53204,B
53213,B
53188,B
53190,B
42504,B
42506,B
2269,B
2278,B
2280,B
2254,B
2261,B
42481,B
42487,B
42488,B
8104,B
8109,B
1989,B
13763,B
13767,B
8098,B
9630,B
9632,B
9256,B
9609,B
53229,B
53231,B
53232,B
23072,B
23073,B
25374,B
25376,B
23049,B
23050,B
23053,B
23065,B
25357,B
23041,B
53890,B
13758,B
7903,B
7906,B
42552,B
42557,B
14573,B
14578,B
42514,B
42521,B
42534,B
42537,B
25322,B
25323,B
25330,B
5898,B
5900,B
5909,B
23085,B
23086,B
25304,B
25306,B
25316,B
53249,B
53256,B
9622,B
9625,B
42539,B
42602,B
42605,B
42611,B
42588,B
42591,B
42595,B
42582,B
42585,B
42562,B
42563,B
42569,B
42570,B
42571,B
1958,B
1962,B
44333,B
181,B
183,B
184,B
186,B
162,B
171,B
25302,B
25261,B
25266,B
25233,B
25254,B
25255,B
23127,B
25232,B
5917,B
44315,B
13803,B
13806,B
13807,B
44292,B
44303,B
14557,B
14561,B
53892,B
7951,B
14519,B
14522,B
23113,B
23120,B
23126,B
23094,B
25211,B
25201,B
53282,B
53283,B
53297,B
53275,B
53277,B
53280,B
53810,B
42685,B
42688,B
2209,B
42669,B
42671,B
42657,B
42663,B
42636,B
42638,B
42641,B
42647,B
42649,B
13772,B
13773,B
13776,B
23204,B
25137,B
25146,B
23167,B
23170,B
23172,B
23150,B
23152,B
23153,B
23154,B
23155,B
23156,B
5267,B
5276,B
23137,B
25182,B
25184,B
23110,B
23112,B
9587,B
9593,B
9594,B
9226,B
53298,B
53300,B
9580,B
9583,B
5883,B
48707,B
25175,B
5861,B
5868,B
25153,B
23188,B
23199,B
44277,B
44282,B
44267,B
44268,B
44272,B
44256,B
44261,B
44266,B
7926,B
7915,B
7916,B
7924,B
2223,B
23230,B
23239,B
23211,B
23221,B
5314,B
5317,B
5886,B
53307,B
53313,B
53314,B
9244,B
2228,B
2212,B
2214,B
2216,B
2222,B
42738,B
42739,B
42742,B
42743,B
42728,B
42733,B
42735,B
42700,B
42707,B
42713,B
42716,B
42722,B
2236,B
2244,B
25005,B
25014,B
25016,B
5294,B
5302,B
5307,B
5313,B
25103,B
25109,B
25111,B
25090,B
25059,B
25068,B
25069,B
25070,B
23249,B
42801,B
42783,B
42789,B
42792,B
42794,B
42767,B
42768,B
42778,B
42780,B
42752,B
42754,B
42762,B
13843,B
13851,B
13853,B
13826,B
13827,B
44239,B
44226,B
44227,B
44230,B
14497,B
14499,B
42826,B
42827,B
14472,B
14488,B
14495,B
14465,B
14467,B
14469,B
42815,B
14452,B
53354,B
53355,B
53329,B
53315,B
53320,B
53322,B
53326,B
53328,B
23288,B
48712,B
23295,B
25033,B
25035,B
23252,B
25018,B
25023,B
25026,B
24997,B
14427,B
14436,B
14440,B
14409,B
14414,B
14418,B
42873,B
42875,B
42883,B
42884,B
42885,B
42887,B
42888,B
42856,B
42864,B
44211,B
44214,B
44216,B
44217,B
44185,B
44191,B
5836,B
5367,B
24991,B
23319,B
5816,B
5822,B
5366,B
24984,B
24985,B
5341,B
53359,B
53370,B
53372,B
53375,B
53349,B
24912,B
24915,B
24878,B
24890,B
24972,B
23346,B
23349,B
23331,B
5848,B
23323,B
44201,B
44206,B
44165,B
44171,B
44174,B
44184,B
44147,B
44149,B
44151,B
44157,B
42951,B
42926,B
42932,B
42939,B
42941,B
9555,B
53399,B
53400,B
9530,B
9531,B
9539,B
53378,B
53379,B
53380,B
53390,B
53392,B
24955,B
24928,B
24930,B
24938,B
24940,B
24893,B
42916,B
14445,B
42890,B
42893,B
42961,B
14376,B
14361,B
2189,B
2190,B
48714,B
42999,B
43002,B
23383,B
23388,B
23390,B
23371,B
23372,B
23373,B
23362,B
5389,B
5401,B
9558,B
9579,B
9540,B
9542,B
9545,B
9546,B
43006,B
42986,B
42987,B
42998,B
42981,B
42984,B
48715,B
42969,B
42973,B
42974,B
13896,B
13879,B
13880,B
44133,B
13855,B
13860,B
53458,B
48701,B
53415,B
53425,B
53437,B
24865,B
24866,B
24868,B
24874,B
24848,B
24852,B
24853,B
24856,B
24839,B
23429,B
23433,B
13861,B
13862,B
13863,B
13864,B
44127,B
44129,B
44130,B
7981,B
7985,B
7968,B
43024,B
43031,B
43012,B
43022,B
23420,B
24810,B
23394,B
23398,B
24790,B
24793,B
24794,B
24795,B
24796,B
24800,B
24782,B
24789,B
112,B
121,B
127,B
53468,B
53470,B
53448,B
53450,B
43097,B
43104,B
43107,B
43070,B
43071,B
43083,B
43090,B
43057,B
43059,B
43060,B
43063,B
43046,B
44103,B
44105,B
44108,B
2012,B
2020,B
2021,B
2027,B
140,B
142,B
148,B
23479,B
24773,B
23454,B
23455,B
23459,B
23463,B
24767,B
23441,B
23443,B
23448,B
24728,B
23418,B
2008,B
44092,B
44096,B
44100,B
1994,B
43153,B
43158,B
43164,B
43140,B
43147,B
43121,B
43123,B
43124,B
43127,B
43137,B
43113,B
43119,B
23515,B
23494,B
23497,B
5420,B
5436,B
24723,B
5409,B
152,B
53481,B
9514,B
9500,B
131,B
43120,B
48704,B
43182,B
14346,B
14332,B
14333,B
14334,B
14338,B
43168,B
14312,B
14315,B
14324,B
44090,B
8046,B
8048,B
8049,B
23572,B
23574,B
23575,B
5475,B
5791,B
24714,B
5785,B
24709,B
23525,B
23526,B
23527,B
23528,B
24699,B
24703,B
24705,B
24707,B
23499,B
13915,B
8041,B
44079,B
44086,B
13902,B
13906,B
14311,B
43218,B
43220,B
14288,B
43207,B
14274,B
9273,B
53514,B
53515,B
53517,B
9475,B
53494,B
53499,B
53507,B
24674,B
24694,B
24657,B
24663,B
24664,B
24618,B
43193,B
43205,B
2147,B
2149,B
43251,B
43255,B
2140,B
43243,B
43244,B
43245,B
43246,B
43247,B
43250,B
43227,B
43228,B
43233,B
48705,B
23548,B
23561,B
5463,B
5466,B
5467,B
24611,B
5450,B
5454,B
23619,B
23620,B
24598,B
9282,B
9261,B
9262,B
9272,B
14256,B
14264,B
14244,B
14247,B
14222,B
14225,B
14230,B
2154,B
2157,B
44068,B
44069,B
44070,B
44074,B
44054,B
44064,B
23635,B
23649,B
24541,B
24548,B
23628,B
23629,B
23603,B
18606,B
23608,B
23616,B
23617,B
23594,B
23595,B
24588,B
24595,B
23585,B
24565,B
24569,B
53589,B
53564,B
53568,B
53539,B
53546,B
53551,B
53552,B
53529,B
53530,B
53532,B
53536,B
24550,B
23650,B
23669,B
44035,B
44036,B
44037,B
43305,B
43289,B
43290,B
2172,B
43267,B
43268,B
44023,B
43990,B
43995,B
43997,B
43975,B
43983,B
14212,B
14220,B
43365,B
14193,B
14196,B
14199,B
14205,B
14206,B
14207,B
43362,B
14184,B
14189,B
14191,B
43329,B
43336,B
43352,B
24446,B
24516,B
24526,B
24530,B
5506,B
24500,B
24509,B
5488,B
5743,B
5745,B
5756,B
24490,B
24491,B
53576,B
53582,B
53586,B
18613,B
43358,B
8028,B
14146,B
14165,B
43406,B
43407,B
43390,B
43391,B
43394,B
43380,B
43963,B
43966,B
43967,B
43943,B
43944,B
43930,B
43931,B
43933,B
9464,B
9427,B
9431,B
53611,B
53616,B
23699,B
23701,B
24480,B
24481,B
23687,B
24463,B
24464,B
43940,B
43923,B
43924,B
43929,B
43453,B
2098,B
43419,B
33635,B
43435,B
43410,B
43415,B
43417,B
14174,B
43909,B
43901,B
43906,B
43891,B
23730,B
23755,B
23706,B
23711,B
23712,B
23728,B
24436,B
5772,B
5773,B
24414,B
24424,B
24427,B
18590,B
53619,B
53621,B
53625,B
9442,B
9444,B
43893,B
43888,B
43889,B
2133,B
18592,B
18596,B
14142,B
7994,B
33630,B
8019,B
2129,B
2130,B
2131,B
14135,B
2101,B
2111,B
2121,B
53653,B
53660,B
53635,B
53636,B
53640,B
24397,B
24400,B
24406,B
24408,B
24411,B
23785,B
23797,B
23761,B
23769,B
23771,B
23773,B
2122,B
43528,B
43534,B
43537,B
43538,B
43539,B
43501,B
43527,B
43486,B
43487,B
43495,B
43498,B
43473,B
43484,B
43880,B
13936,B
23809,B
23810,B
24372,B
24362,B
24364,B
24367,B
5541,B
5550,B
5559,B
5528,B
9385,B
9386,B
9388,B
9371,B
53647,B
53648,B
8074,B
2042,B
2048,B
2051,B
43566,B
43567,B
43570,B
14119,B
14121,B
14128,B
43563,B
14095,B
43540,B
43543,B
43551,B
101,B
105,B
53667,B
53672,B
84,B
9397,B
9401,B
9409,B
24344,B
24356,B
24357,B
23837,B
23840,B
23842,B
23822,B
43554,B
43617,B
43619,B
43594,B
43596,B
43599,B
43589,B
43591,B
43592,B
43571,B
43574,B
43575,B
43871,B
2030,B
2037,B
2038,B
2041,B
43856,B
43862,B
24326,B
24331,B
24296,B
24306,B
24265,B
24249,B
24257,B
24258,B
24263,B
53673,B
53679,B
93,B
95,B
43867,B
43836,B
43837,B
43841,B
43844,B
43854,B
43824,B
43827,B
43830,B
14076,B
14085,B
14086,B
14087,B
43639,B
14050,B
14070,B
43637,B
43638,B
53731,B
53713,B
7029,B
53720,B
53723,B
53703,B
53704,B
53711,B
5701,B
24245,B
24241,B
23870,B
24236,B
23913,B
23914,B
5593,B
23907,B
5584,B
5577,B
5580,B
24203,B
53741,B
53745,B
53747,B
14043,B
14045,B
43627,B
43635,B
14031,B
14035,B
14036,B
14017,B
14024,B
14026,B
2084,B
13998,B
43647,B
43653,B
2068,B
43734,B
9340,B
9343,B
9353,B
9336,B
23932,B
23946,B
5649,B
24176,B
53790,B
53796,B
53798,B
53804,B
24066,B
24072,B
24075,B
53809,B
24083,B
24060,B
24047,B
64,B
66,B
41,B
42,B
43,B
45,B
48,B
53838,B
53842,B
53844,B
53846,B
53855,B
53859,B
53863,B
53864,B
72,B
53848,B
53849,B
53850,B
53900,B
53916,B
24180,B
23925,B
23927,B
23928,B
24161,B
24162,B
24156,B
53821,B
43729,B
43711,B
43660,B
43684,B
43687,B
43814,B
43819,B
43822,B
13978,B
13983,B
13971,B
13975,B
43810,B
23978,B
23982,B
23961,B
23963,B
23964,B
24130,B
5638,B
24094,B
24112,B
24117,B
53924,B
53107,B
6286,B
8710,B
13736,B
25260,B
17161,B
16321,B
21243,B
51713,B
15145,B
12460,B
3119,B
44935,B
12227,B
15659,B
23051,B
28487,B
262,B
38826,B
44933,B
53317,B
27850,B
27729,B
49104,B
43703,B
4605,B
33582,B
43801,B
50780,B
29913,B
21924,B
27881,B
44477,B
12514,B
50090,B
11100,B
36943,B
14044,B
46444,B
35514,B
20821,B
3739,B
47056,B
26188,B
16187,B
14875,B
29927,B
15463,B
44383,B
45248,B
38606,B
46969,B
36162,B
51101,B
48319,B
48771,B
8696,B
26698,B
19330,B
23972,B
13073,B
19619,B
23412,B
24757,B
15912,B
43919,B
42912,B
41841,B
46774,B
15118,B
29586,B
47666,B
52494,B
24063,B
46724,B
43470,B
52432,B
44263,B
27414,B
43464,B
23098,B
14736,B
29932,B
20838,B
29525,B
12550,B
46970,B
45610,B
47837,B
67,B
12754,B
48289,B
6676,B
46780,B
49270,B
32488,B
16381,B
6717,B
15086,B
41860,B
44042,B
43916,B
21020,B
41354,B
43652,B
36161,B
12961,B
32832,B
29045,B
37316,B
51729,B
43918,B
28697,B
24374,B
26696,B
23301,B
1498,B
53224,B
28525,B
6479,B
18421,B
29522,B
49296,B
37880,B
46332,B
6862,B
19294,B
45891,B
20473,B
43208,B
13175,B
31715,B
46138,B
52046,B
51122,B
13918,B
13933,B
13948,B
14106,B
14124,B
43580,B
43582,B
43593,B
43598,B
43604,B
53725,B
53735,B
53751,B
5574,B
5576,B
23861,B
23863,B
5696,B
5724,B
24247,B
53699,B
53712,B
23911,B
24213,B
24225,B
24233,B
24240,B
24254,B
24264,B
24278,B
24289,B
24298,B
24325,B
43905,B
43908,B
43915,B
43887,B
43890,B
43897,B
2113,B
14139,B
43885,B
43886,B
43496,B
43499,B
43525,B
43531,B
43535,B
43950,B
43961,B
43962,B
43965,B
43376,B
43941,B
43948,B
43461,B
43925,B
43932,B
43411,B
43418,B
43448,B
103,B
106,B
53684,B
53688,B
23825,B
23827,B
23846,B
24340,B
9408,B
24384,B
24337,B
24338,B
23801,B
23820,B
24368,B
24370,B
24373,B
24375,B
24379,B
44006,B
44021,B
44025,B
44026,B
43973,B
43977,B
43986,B
43339,B
43357,B
43361,B
14192,B
14209,B
43396,B
43398,B
43404,B
14156,B
14164,B
9383,B
5522,B
5524,B
5543,B
53643,B
9368,B
9375,B
9380,B
9382,B
23745,B
24445,B
24386,B
24391,B
24393,B
23800,B
24402,B
24440,B
23709,B
23726,B
23729,B
23737,B
23742,B
44077,B
2159,B
2162,B
2163,B
2167,B
14231,B
14234,B
44045,B
44051,B
44053,B
44063,B
44066,B
44072,B
43316,B
44028,B
44029,B
44034,B
43288,B
43295,B
43296,B
43297,B
43298,B
43299,B
43304,B
8047,B
8060,B
8067,B
44088,B
44089,B
14267,B
43217,B
43223,B
43225,B
44080,B
13899,B
8039,B
43254,B
43258,B
43259,B
2145,B
2153,B
43212,B
14238,B
14253,B
14259,B
14261,B
2168,B
2169,B
43248,B
53601,B
9457,B
24413,B
24418,B
24470,B
24482,B
23685,B
23694,B
23700,B
24523,B
24527,B
24448,B
24453,B
24458,B
24459,B
24504,B
5484,B
5501,B
5516,B
24519,B
44113,B
43038,B
43044,B
43045,B
43052,B
2004,B
2007,B
2018,B
44109,B
44110,B
44112,B
43145,B
43152,B
43165,B
44097,B
1996,B
1997,B
43166,B
43169,B
14323,B
14328,B
14329,B
14342,B
43178,B
42971,B
42978,B
42982,B
42985,B
44119,B
44131,B
44137,B
13871,B
13872,B
44145,B
42964,B
43036,B
7987,B
43037,B
44116,B
43077,B
53537,B
53553,B
53554,B
53559,B
23637,B
23647,B
23648,B
23656,B
23663,B
23673,B
24561,B
23581,B
23583,B
23584,B
23588,B
23593,B
5469,B
23556,B
23565,B
24572,B
44176,B
44197,B
44198,B
44215,B
42913,B
42924,B
42925,B
42928,B
2182,B
14389,B
14394,B
14399,B
42957,B
42963,B
42894,B
42898,B
43005,B
14364,B
14372,B
13850,B
44253,B
42753,B
42763,B
42770,B
44233,B
44251,B
13809,B
13821,B
13829,B
13836,B
42821,B
14453,B
14460,B
14464,B
42832,B
42854,B
42889,B
14412,B
14422,B
14437,B
42812,B
42820,B
9274,B
9281,B
24613,B
24616,B
24638,B
24650,B
24656,B
24666,B
53505,B
9471,B
9481,B
5802,B
24722,B
24617,B
24626,B
24704,B
44281,B
44285,B
44288,B
2226,B
2230,B
7922,B
7928,B
7929,B
42699,B
42734,B
42736,B
42740,B
42795,B
42807,B
2234,B
2242,B
5415,B
5433,B
5434,B
23489,B
23493,B
23502,B
9485,B
9507,B
53480,B
24726,B
5408,B
23456,B
23473,B
23474,B
143,B
145,B
9288,B
23427,B
24748,B
23447,B
42561,B
42566,B
42567,B
42579,B
42580,B
42581,B
42635,B
44296,B
44297,B
44331,B
42620,B
42629,B
42631,B
14514,B
14529,B
14546,B
14554,B
42639,B
42652,B
42661,B
42686,B
42693,B
42617,B
42486,B
2265,B
2267,B
2270,B
7893,B
42559,B
1966,B
1980,B
13766,B
8105,B
42538,B
42550,B
14562,B
14566,B
14567,B
42587,B
42589,B
42592,B
42604,B
42612,B
42615,B
24777,B
24799,B
24803,B
23395,B
53417,B
53457,B
53460,B
53472,B
53473,B
108,B
110,B
24836,B
24857,B
5372,B
53407,B
23366,B
23367,B
23391,B
23392,B
23393,B
23435,B
42452,B
44351,B
44386,B
42436,B
42440,B
42441,B
42444,B
42449,B
14601,B
42477,B
42404,B
42423,B
42500,B
42470,B
42471,B
42473,B
42476,B
44457,B
42324,B
42331,B
14632,B
14643,B
44415,B
44416,B
44425,B
44442,B
42384,B
42386,B
42403,B
44406,B
44410,B
44414,B
42342,B
42355,B
42362,B
42366,B
42371,B
42376,B
9556,B
9561,B
9564,B
9568,B
5395,B
23359,B
23363,B
23365,B
5403,B
24914,B
24948,B
53396,B
23333,B
23339,B
23343,B
23348,B
24968,B
5353,B
23304,B
23305,B
5818,B
5824,B
5829,B
44480,B
44486,B
44496,B
44499,B
42293,B
42298,B
44464,B
44473,B
2296,B
2301,B
2307,B
2317,B
2318,B
42286,B
14649,B
14661,B
42285,B
42205,B
42215,B
13723,B
13727,B
13731,B
13740,B
13756,B
44515,B
14691,B
14702,B
14706,B
14710,B
42273,B
13713,B
42256,B
42265,B
42267,B
42268,B
14670,B
53339,B
53343,B
53345,B
53358,B
53366,B
24980,B
5346,B
23273,B
23275,B
23302,B
25112,B
5301,B
25004,B
25024,B
25029,B
25031,B
23243,B
23246,B
25072,B
25073,B
25099,B
25101,B
44564,B
42108,B
42109,B
42114,B
14754,B
42185,B
42199,B
44538,B
44539,B
44553,B
14727,B
14728,B
14738,B
14744,B
42222,B
42242,B
42243,B
42245,B
42246,B
42176,B
44585,B
44586,B
44590,B
44600,B
44611,B
2361,B
42084,B
42086,B
42088,B
44576,B
44578,B
44581,B
2326,B
2334,B
2342,B
2344,B
2345,B
2351,B
42145,B
42152,B
42160,B
2321,B
53306,B
53311,B
23208,B
23210,B
23215,B
23232,B
5864,B
25178,B
53303,B
9228,B
5278,B
23176,B
23178,B
23185,B
25125,B
25145,B
25222,B
23121,B
23124,B
5259,B
5277,B
44619,B
44621,B
13628,B
13630,B
13632,B
41946,B
41964,B
41965,B
41973,B
41975,B
41977,B
42000,B
42020,B
42026,B
42042,B
42045,B
41941,B
42066,B
14765,B
41982,B
41984,B
41990,B
41994,B
41998,B
2374,B
2376,B
2392,B
2395,B
2396,B
44656,B
44663,B
44665,B
44666,B
44667,B
44668,B
44673,B
44640,B
44643,B
44646,B
44647,B
44652,B
41896,B
41916,B
14813,B
14840,B
5290,B
25189,B
25206,B
174,B
175,B
192,B
53281,B
53292,B
53296,B
25240,B
25271,B
25282,B
25295,B
25300,B
168,B
5910,B
5914,B
5918,B
5923,B
23132,B
1922,B
1931,B
1934,B
41800,B
44698,B
44703,B
44709,B
44713,B
44714,B
1918,B
14879,B
14883,B
14884,B
14885,B
41863,B
44681,B
44697,B
41885,B
41886,B
41889,B
1952,B
44722,B
44724,B
44729,B
41706,B
41714,B
41767,B
1942,B
8144,B
8150,B
13583,B
41765,B
41766,B
14910,B
14912,B
14936,B
41830,B
41756,B
41759,B
41762,B
9615,B
9619,B
9620,B
53259,B
25303,B
25317,B
25377,B
53242,B
9606,B
25332,B
25337,B
25360,B
23044,B
25406,B
23009,B
23027,B
13560,B
13565,B
13576,B
41625,B
41632,B
44731,B
44732,B
44733,B
44748,B
44749,B
44761,B
41649,B
41654,B
41657,B
41664,B
41703,B
41704,B
41715,B
41724,B
41732,B
41749,B
41755,B
41552,B
41558,B
41571,B
41572,B
44796,B
44813,B
44815,B
44820,B
15003,B
2417,B
41610,B
44770,B
44777,B
44794,B
7815,B
41643,B
41646,B
2400,B
2406,B
53149,B
53193,B
53220,B
25378,B
25379,B
5231,B
5245,B
22962,B
22984,B
22990,B
25543,B
5249,B
25459,B
5227,B
25527,B
22941,B
22944,B
22946,B
5935,B
25532,B
44871,B
14971,B
44821,B
44834,B
44844,B
44851,B
44852,B
41527,B
41529,B
41533,B
41535,B
14968,B
14970,B
41575,B
41576,B
41592,B
41595,B
41599,B
9645,B
9672,B
9677,B
53134,B
5182,B
5190,B
22884,B
22905,B
22920,B
53118,B
25571,B
25580,B
25584,B
22867,B
22872,B
5174,B
25617,B
25628,B
25637,B
25653,B
25559,B
13538,B
44902,B
41413,B
2431,B
2435,B
2438,B
15009,B
15039,B
13521,B
13531,B
13536,B
41518,B
41434,B
41437,B
41446,B
41449,B
41452,B
15004,B
41462,B
41463,B
41464,B
41511,B
41514,B
41326,B
41329,B
15100,B
1884,B
1893,B
1911,B
1912,B
44911,B
41395,B
15064,B
15089,B
2439,B
2453,B
2461,B
41416,B
41424,B
53108,B
53110,B
25606,B
25615,B
53082,B
53092,B
214,B
53100,B
53101,B
25696,B
25701,B
25702,B
25704,B
22825,B
22836,B
25712,B
25665,B
25666,B
25668,B
44953,B
41274,B
41277,B
41279,B
41288,B
41293,B
41296,B
44942,B
44943,B
44945,B
8189,B
13486,B
13497,B
13500,B
41355,B
41359,B
41361,B
41362,B
41367,B
41371,B
41339,B
41343,B
41193,B
41196,B
15111,B
44958,B
44959,B
44974,B
44992,B
41233,B
41250,B
41321,B
41222,B
41223,B
41232,B
9719,B
9722,B
6018,B
22815,B
22824,B
53071,B
9692,B
9694,B
9699,B
9703,B
9705,B
25740,B
22771,B
22776,B
6006,B
53070,B
25782,B
25724,B
15130,B
15153,B
15157,B
8156,B
8172,B
8184,B
45038,B
41151,B
41155,B
41170,B
41173,B
45021,B
13469,B
15119,B
7778,B
7784,B
41138,B
41150,B
53040,B
53042,B
53043,B
53052,B
6007,B
25751,B
53015,B
53017,B
53023,B
53035,B
53039,B
22731,B
22735,B
22743,B
5133,B
25818,B
52996,B
22653,B
22658,B
22667,B
22682,B
22700,B
1864,B
13436,B
40984,B
40985,B
40992,B
15167,B
15190,B
41045,B
41054,B
41057,B
45054,B
1855,B
1862,B
2468,B
41012,B
41027,B
41031,B
41133,B
41071,B
41098,B
41103,B
41121,B
2467,B
45098,B
45109,B
2543,B
40879,B
40969,B
1876,B
1877,B
45076,B
45081,B
45091,B
40920,B
40934,B
40943,B
40954,B
40963,B
15192,B
15193,B
15212,B
40999,B
41002,B
52972,B
25858,B
22643,B
5047,B
5049,B
5050,B
273,B
275,B
22677,B
25934,B
5046,B
26001,B
26011,B
26012,B
26016,B
26018,B
26021,B
6051,B
45136,B
45138,B
45139,B
45157,B
45185,B
40853,B
15244,B
45110,B
45113,B
45119,B
45123,B
45130,B
40911,B
40913,B
2521,B
15220,B
15223,B
15226,B
15227,B
40880,B
40884,B
40897,B
40899,B
40904,B
40728,B
40732,B
40743,B
40745,B
40746,B
13391,B
13396,B
45200,B
40816,B
40831,B
40836,B
45187,B
7733,B
40861,B
40869,B
40783,B
40808,B
40813,B
266,B
9756,B
25974,B
25993,B
22596,B
6044,B
52922,B
22555,B
5023,B
5028,B
26039,B
22584,B
26057,B
26065,B
26066,B
5012,B
22540,B
22547,B
40630,B
40632,B
40633,B
40634,B
40642,B
15278,B
15284,B
45237,B
45238,B
45247,B
45252,B
40715,B
45208,B
45209,B
45210,B
45217,B
45224,B
45230,B
40665,B
40700,B
40701,B
40705,B
13348,B
45291,B
45293,B
40568,B
40569,B
40570,B
2546,B
40625,B
45271,B
45280,B
45281,B
13338,B
13340,B
15303,B
40606,B
40621,B
15314,B
15346,B
15352,B
5042,B
26099,B
22490,B
22503,B
9773,B
9205,B
9209,B
9213,B
26160,B
26163,B
26165,B
26171,B
4973,B
52903,B
22523,B
26104,B
26117,B
26118,B
26123,B
26146,B
26153,B
45336,B
40502,B
40506,B
40507,B
40518,B
40533,B
40541,B
45301,B
45306,B
45307,B
45314,B
45319,B
45328,B
15387,B
15390,B
40562,B
40565,B
45297,B
40593,B
40595,B
15365,B
15381,B
15383,B
15385,B
45365,B
45393,B
40380,B
40384,B
40386,B
45340,B
45347,B
45352,B
45358,B
45360,B
40412,B
40413,B
2590,B
2619,B
2620,B
2624,B
40555,B
40434,B
40447,B
40469,B
40470,B
52852,B
52889,B
22521,B
22477,B
22479,B
22484,B
52840,B
52842,B
52848,B
6058,B
4977,B
6087,B
22473,B
26216,B
26217,B
22446,B
40317,B
40318,B
40345,B
40347,B
40349,B
40353,B
40354,B
13291,B
13299,B
13303,B
13318,B
45411,B
7728,B
40316,B
15426,B
15451,B
15461,B
45400,B
45401,B
45402,B
13276,B
13277,B
40390,B
40402,B
15413,B
9802,B
52817,B
52829,B
4950,B
4953,B
22401,B
22416,B
52793,B
52802,B
9221,B
26320,B
26251,B
26253,B
4927,B
4929,B
4940,B
4942,B
4943,B
26261,B
26266,B
26274,B
26293,B
1836,B
45423,B
45425,B
45433,B
40253,B
40256,B
7714,B
7716,B
7717,B
7725,B
7727,B
1833,B
7694,B
7712,B
40363,B
40366,B
40368,B
40370,B
40377,B
40299,B
40197,B
45436,B
45440,B
8237,B
13248,B
13261,B
13272,B
2663,B
40156,B
40158,B
40159,B
40169,B
40195,B
40289,B
40290,B
40292,B
40229,B
40232,B
40258,B
40274,B
40276,B
40284,B
40285,B
40029,B
40030,B
40032,B
40040,B
40049,B
45460,B
45461,B
45469,B
45480,B
45484,B
45486,B
40132,B
15565,B
7659,B
7671,B
7676,B
45457,B
2635,B
2636,B
2644,B
15530,B
15538,B
15548,B
40100,B
40102,B
52781,B
22366,B
26342,B
26345,B
52730,B
52741,B
52745,B
52746,B
6129,B
22352,B
22355,B
22357,B
22358,B
22364,B
6115,B
6116,B
6119,B
6122,B
26327,B
26333,B
45526,B
45536,B
45544,B
45551,B
45563,B
39928,B
39949,B
45509,B
45518,B
45523,B
39975,B
39976,B
39977,B
39983,B
7688,B
40056,B
40085,B
40086,B
39965,B
45598,B
45608,B
2685,B
2687,B
2694,B
39879,B
45565,B
45573,B
45577,B
45579,B
45580,B
45582,B
45586,B
45593,B
15696,B
15699,B
15701,B
15724,B
39918,B
45564,B
15641,B
15677,B
15695,B
26365,B
26373,B
26374,B
26385,B
22303,B
9849,B
9163,B
26357,B
26358,B
4890,B
4898,B
22283,B
22288,B
26429,B
22254,B
22261,B
22268,B
45637,B
45641,B
45646,B
1779,B
2668,B
2677,B
45611,B
45627,B
45631,B
39851,B
39852,B
39855,B
39860,B
39869,B
2665,B
39881,B
39883,B
39901,B
39902,B
39913,B
9886,B
9891,B
52702,B
52703,B
52706,B
52716,B
22323,B
26458,B
22200,B
9180,B
9852,B
26527,B
26531,B
26532,B
26448,B
26450,B
22197,B
4881,B
26558,B
22230,B
22233,B
22241,B
26499,B
39756,B
39758,B
39759,B
45656,B
45665,B
1782,B
1787,B
1788,B
1793,B
45648,B
45650,B
39814,B
15741,B
15749,B
15756,B
15768,B
13206,B
13216,B
13224,B
45682,B
45689,B
45693,B
39652,B
39653,B
45679,B
45680,B
13185,B
13189,B
13190,B
15785,B
15798,B
15807,B
39733,B
39740,B
39767,B
39781,B
39789,B
39722,B
39727,B
15780,B
52683,B
4865,B
22157,B
22185,B
6152,B
6154,B
52622,B
52624,B
52626,B
52632,B
22104,B
26603,B
26679,B
26685,B
26623,B
4789,B
2711,B
2712,B
2714,B
2715,B
2721,B
2727,B
2728,B
45702,B
45715,B
45734,B
2707,B
39634,B
7624,B
45697,B
45699,B
45701,B
39684,B
39702,B
39709,B
39616,B
45774,B
39504,B
39506,B
39512,B
39550,B
39552,B
45773,B
13143,B
13165,B
13167,B
13171,B
13173,B
13181,B
39595,B
45747,B
45753,B
2730,B
15834,B
15846,B
22053,B
52577,B
52578,B
52581,B
26646,B
26667,B
26704,B
26710,B
26720,B
22047,B
22051,B
22087,B
4767,B
4781,B
26758,B
26693,B
26777,B
26789,B
26791,B
26792,B
26816,B
39441,B
39445,B
39451,B
39452,B
39457,B
39458,B
39459,B
45816,B
45818,B
45833,B
45838,B
39438,B
15882,B
15900,B
45782,B
45808,B
39555,B
39564,B
39486,B
39488,B
39495,B
15866,B
15879,B
39379,B
39384,B
39394,B
39400,B
45875,B
39353,B
39359,B
39369,B
39374,B
39376,B
39377,B
8272,B
13104,B
13108,B
13114,B
13121,B
13128,B
39466,B
39475,B
39477,B
39479,B
39482,B
45851,B
45856,B
22038,B
22042,B
4698,B
9951,B
22017,B
22019,B
22022,B
22023,B
22024,B
22029,B
4718,B
21931,B
21950,B
6208,B
6214,B
21900,B
21904,B
4702,B
4706,B
4713,B
45881,B
45886,B
45897,B
39289,B
39290,B
2737,B
2738,B
2745,B
2770,B
39323,B
1733,B
1735,B
1739,B
15916,B
15934,B
39308,B
39313,B
39404,B
39327,B
39341,B
45942,B
39212,B
39214,B
39218,B
7606,B
45926,B
45936,B
45939,B
39249,B
39257,B
45912,B
45913,B
45922,B
39294,B
39295,B
15962,B
39227,B
39229,B
39239,B
39242,B
21969,B
26873,B
26884,B
26887,B
52548,B
52550,B
52563,B
52571,B
328,B
341,B
4657,B
52532,B
52537,B
52538,B
52543,B
26917,B
26922,B
26932,B
26937,B
39138,B
16051,B
13098,B
8242,B
39124,B
39125,B
39173,B
39180,B
39182,B
39183,B
39184,B
39185,B
39192,B
7608,B
15979,B
15991,B
16007,B
16013,B
9121,B
9128,B
9137,B
21916,B
52497,B
52500,B
52502,B
52505,B
52506,B
21868,B
21877,B
21881,B
6218,B
6234,B
27031,B
27032,B
27033,B
27040,B
27041,B
27042,B
27048,B
39053,B
39060,B
39063,B
46012,B
46013,B
46017,B
46019,B
46020,B
39036,B
39037,B
45971,B
45981,B
45995,B
46003,B
46005,B
39147,B
39099,B
16072,B
46034,B
13062,B
13071,B
13072,B
13077,B
38954,B
38962,B
38997,B
39009,B
39012,B
39014,B
16118,B
7553,B
2787,B
2810,B
39027,B
39031,B
39033,B
39035,B
7556,B
39015,B
39024,B
2780,B
2781,B
46089,B
46106,B
38912,B
38916,B
38918,B
46048,B
46052,B
46061,B
46068,B
46070,B
46076,B
46080,B
46081,B
16161,B
38977,B
46046,B
38963,B
38964,B
38966,B
38970,B
38973,B
16154,B
52480,B
4686,B
26995,B
27002,B
27009,B
27023,B
21847,B
21861,B
52433,B
21808,B
21820,B
21832,B
21836,B
21734,B
21753,B
27082,B
21787,B
13007,B
13013,B
13017,B
38811,B
46107,B
46108,B
46116,B
46122,B
38898,B
16176,B
16184,B
16192,B
16198,B
38929,B
38934,B
38947,B
38948,B
38885,B
10017,B
10022,B
10039,B
27124,B
27149,B
27195,B
52405,B
52410,B
52427,B
9142,B
9143,B
27164,B
4629,B
27174,B
27183,B
21718,B
21720,B
21724,B
6261,B
46161,B
46173,B
46174,B
38770,B
38773,B
46145,B
46154,B
46155,B
38763,B
16250,B
16254,B
16256,B
16280,B
16281,B
16284,B
38839,B
38841,B
38802,B
12980,B
12988,B
38632,B
38639,B
2851,B
2859,B
2860,B
1721,B
38747,B
38748,B
2836,B
2838,B
2840,B
2849,B
38733,B
38746,B
52355,B
52367,B
52374,B
52378,B
52380,B
52386,B
52395,B
4614,B
27270,B
27273,B
411,B
21708,B
21709,B
27284,B
27220,B
27221,B
27225,B
27230,B
27241,B
27276,B
27277,B
21677,B
21680,B
21701,B
21703,B
46246,B
46254,B
38519,B
38521,B
38527,B
38540,B
38541,B
46216,B
46226,B
46227,B
38614,B
38619,B
38622,B
16324,B
38569,B
38570,B
38656,B
38666,B
38677,B
38680,B
12931,B
12941,B
12943,B
46268,B
46270,B
38444,B
16391,B
16393,B
38512,B
46261,B
46266,B
12924,B
38495,B
38497,B
38503,B
16370,B
16375,B
38546,B
38548,B
38554,B
38555,B
38556,B
38489,B
10068,B
10070,B
10072,B
404,B
406,B
407,B
21660,B
27344,B
27345,B
398,B
401,B
10052,B
10057,B
27374,B
27375,B
27376,B
27312,B
21653,B
27373,B
21598,B
21605,B
21609,B
21615,B
21624,B
46318,B
46323,B
16405,B
16418,B
16423,B
46282,B
46295,B
46311,B
46313,B
46315,B
38469,B
38472,B
38473,B
38477,B
38485,B
46275,B
46276,B
38445,B
38448,B
38458,B
38465,B
38466,B
1660,B
1672,B
38330,B
38336,B
2866,B
2876,B
46338,B
46339,B
1658,B
38385,B
38387,B
38388,B
38389,B
38390,B
38391,B
38402,B
2864,B
16428,B
16431,B
16434,B
16440,B
38417,B
38350,B
38373,B
12901,B
12907,B
12911,B
1686,B
46373,B
2908,B
38309,B
38318,B
1676,B
1682,B
38265,B
38267,B
38271,B
38304,B
38308,B
7455,B
7489,B
38340,B
38343,B
38344,B
38345,B
38257,B
380,B
27352,B
27357,B
6327,B
21575,B
52302,B
52317,B
52327,B
52335,B
21526,B
6309,B
27378,B
27384,B
4543,B
27496,B
21576,B
21580,B
27397,B
27401,B
21523,B
38230,B
38231,B
38240,B
46411,B
46415,B
46420,B
38202,B
38203,B
38204,B
16498,B
46376,B
46378,B
46379,B
46384,B
46403,B
2919,B
2920,B
2923,B
2933,B
16481,B
38118,B
38119,B
38124,B
38127,B
38136,B
46474,B
46475,B
46478,B
46488,B
38117,B
16540,B
16541,B
46429,B
38249,B
38250,B
2904,B
38180,B
38185,B
6322,B
27437,B
27453,B
27463,B
27488,B
10116,B
9077,B
9087,B
9098,B
6317,B
21516,B
52250,B
52259,B
52260,B
27540,B
27546,B
27548,B
27567,B
27570,B
4528,B
21497,B
8299,B
8305,B
46510,B
37981,B
37982,B
37983,B
46499,B
46501,B
12856,B
12861,B
8282,B
16561,B
16577,B
38046,B
38157,B
38166,B
38088,B
38093,B
38109,B
38111,B
27500,B
27505,B
27528,B
27529,B
27538,B
52205,B
52208,B
52213,B
52220,B
52226,B
52228,B
21449,B
21475,B
27602,B
27603,B
451,B
52196,B
4494,B
4496,B
27596,B
21433,B
21435,B
21447,B
7442,B
16612,B
16614,B
16625,B
16627,B
16629,B
46525,B
46526,B
46537,B
46551,B
46553,B
2959,B
38028,B
38034,B
46514,B
46515,B
46516,B
46522,B
46523,B
37995,B
37997,B
37998,B
38010,B
38015,B
16673,B
16676,B
16683,B
16684,B
16686,B
16689,B
46585,B
1614,B
1622,B
1629,B
1635,B
1637,B
37900,B
16661,B
37960,B
37965,B
37974,B
2941,B
46567,B
46584,B
2972,B
37929,B
37931,B
37936,B
46606,B
37809,B
37810,B
37812,B
37814,B
37816,B
37895,B
12826,B
12851,B
37879,B
37882,B
37886,B
37889,B
37907,B
37915,B
37861,B
37865,B
37868,B
21403,B
21413,B
21422,B
21426,B
4493,B
438,B
448,B
9107,B
4481,B
27653,B
27661,B
27692,B
27693,B
27697,B
428,B
21383,B
27713,B
27622,B
27635,B
46619,B
46623,B
46631,B
46649,B
46655,B
46656,B
46659,B
46660,B
37804,B
46610,B
46613,B
46616,B
46617,B
37771,B
37775,B
37778,B
37779,B
37785,B
37795,B
37798,B
37834,B
37835,B
37838,B
37844,B
46694,B
46695,B
37683,B
37687,B
37688,B
37689,B
37691,B
46661,B
46662,B
46665,B
46671,B
46676,B
46678,B
46690,B
16720,B
16723,B
16728,B
16733,B
37750,B
37762,B
37742,B
16690,B
16696,B
16702,B
16712,B
16715,B
16719,B
9050,B
9059,B
27706,B
27709,B
52170,B
52173,B
10177,B
9049,B
27762,B
27766,B
4414,B
4421,B
4422,B
27733,B
27735,B
27747,B
27748,B
46738,B
37603,B
2979,B
2995,B
12766,B
12774,B
12802,B
46737,B
16768,B
16774,B
37656,B
37666,B
37667,B
8346,B
12764,B
37723,B
37734,B
37651,B
16740,B
37492,B
37493,B
37517,B
37529,B
37535,B
46775,B
1577,B
1578,B
37489,B
37570,B
37575,B
16794,B
46754,B
46770,B
3004,B
37617,B
37620,B
37630,B
37558,B
37559,B
37569,B
6365,B
6371,B
6373,B
21338,B
21339,B
52144,B
52145,B
52152,B
52163,B
4437,B
6364,B
27806,B
27809,B
27812,B
27815,B
52106,B
27771,B
27772,B
27782,B
8317,B
8319,B
8324,B
8329,B
37458,B
37469,B
1606,B
1607,B
12744,B
12745,B
12748,B
16831,B
16839,B
7372,B
7382,B
1596,B
1600,B
3026,B
3032,B
3033,B
3036,B
3037,B
46843,B
46860,B
46863,B
46869,B
37390,B
37391,B
37393,B
16864,B
37447,B
46821,B
46839,B
46840,B
37432,B
37437,B
7398,B
16859,B
37480,B
37483,B
37488,B
3010,B
3013,B
3016,B
52083,B
52092,B
27837,B
27838,B
27846,B
27851,B
52065,B
9064,B
10203,B
52081,B
27882,B
21291,B
21304,B
6358,B
27940,B
27942,B
27945,B
27880,B
37281,B
37295,B
37299,B
16909,B
16910,B
46872,B
46873,B
12697,B
37420,B
37423,B
37353,B
16891,B
37406,B
27895,B
27905,B
27918,B
27919,B
52008,B
52027,B
52043,B
52058,B
52062,B
27986,B
27987,B
27991,B
27996,B
481,B
486,B
52000,B
27967,B
27968,B
27977,B
27979,B
27981,B
27985,B
46916,B
46918,B
46921,B
3079,B
16924,B
37274,B
46883,B
1551,B
1559,B
37234,B
37247,B
37253,B
37266,B
37271,B
37272,B
24012,B
37318,B
37320,B
37230,B
37231,B
37207,B
37208,B
37212,B
37215,B
3046,B
46942,B
46944,B
37187,B
46930,B
46934,B
12650,B
12653,B
46940,B
16961,B
46923,B
46924,B
46926,B
10274,B
10275,B
27957,B
459,B
461,B
10242,B
10247,B
21272,B
21273,B
21283,B
28005,B
28011,B
51980,B
21248,B
21252,B
21255,B
21259,B
21266,B
46993,B
46995,B
46996,B
47000,B
37122,B
37123,B
37133,B
46964,B
46965,B
53799,B
53774,B
46989,B
16978,B
16992,B
37173,B
37177,B
46950,B
3049,B
37165,B
37167,B
37172,B
16965,B
16977,B
47018,B
47049,B
47055,B
43797,B
17023,B
7347,B
7356,B
7359,B
37045,B
47009,B
47016,B
37096,B
37100,B
37106,B
37037,B
17009,B
37149,B
37151,B
37049,B
37056,B
37068,B
28031,B
28034,B
4383,B
4392,B
51956,B
51957,B
51967,B
51968,B
51969,B
28030,B
21236,B
53940,B
28049,B
51925,B
51934,B
28105,B
4402,B
21193,B
21200,B
21209,B
21230,B
47070,B
3108,B
1,B
3120,B
36954,B
12644,B
8349,B
8392,B
8394,B
8395,B
8397,B
37008,B
37009,B
37019,B
37020,B
47064,B
47065,B
36971,B
36990,B
36993,B
36997,B
47097,B
17121,B
36809,B
36813,B
36910,B
36923,B
47079,B
47084,B
47085,B
47091,B
36887,B
36896,B
36899,B
36908,B
53891,B
17028,B
17056,B
17061,B
36945,B
36947,B
28078,B
28079,B
28081,B
28088,B
51913,B
28057,B
28060,B
28062,B
28149,B
51903,B
51908,B
10300,B
10314,B
10328,B
21165,B
21185,B
28138,B
28140,B
28141,B
28142,B
36788,B
36789,B
36792,B
36796,B
36798,B
36805,B
47138,B
12583,B
12605,B
47151,B
36784,B
36861,B
36863,B
36867,B
36868,B
36873,B
36874,B
47129,B
47130,B
36815,B
36822,B
36823,B
36834,B
1509,B
1511,B
1517,B
1519,B
47166,B
47174,B
36637,B
36727,B
36729,B
36735,B
36737,B
47159,B
1495,B
53937,B
1503,B
36703,B
36714,B
36723,B
36724,B
36725,B
17089,B
36757,B
17125,B
17126,B
17146,B
17156,B
53907,B
17162,B
28168,B
28169,B
6409,B
6410,B
21150,B
21155,B
51893,B
51896,B
28158,B
28159,B
28165,B
28167,B
51823,B
51825,B
51838,B
51845,B
51856,B
51862,B
28211,B
21132,B
36617,B
36625,B
36629,B
36631,B
17170,B
12558,B
12563,B
12564,B
12565,B
47207,B
36610,B
36611,B
47187,B
47204,B
53853,B
36642,B
36659,B
36680,B
47227,B
47239,B
47250,B
36480,B
36491,B
36496,B
36575,B
36582,B
36586,B
36588,B
36590,B
47212,B
47214,B
3148,B
3159,B
36526,B
36527,B
36530,B
36538,B
36553,B
36564,B
17182,B
17199,B
36634,B
36591,B
3129,B
28268,B
28269,B
28281,B
9033,B
28247,B
28249,B
28252,B
28259,B
10331,B
9018,B
9026,B
28291,B
21094,B
21097,B
36449,B
36452,B
36454,B
36458,B
36459,B
36460,B
36461,B
47279,B
8440,B
53871,B
12523,B
47302,B
36446,B
17205,B
7311,B
7319,B
47272,B
36497,B
36499,B
36503,B
51739,B
51760,B
51775,B
51782,B
51783,B
51792,B
51811,B
28344,B
28351,B
28355,B
10389,B
53877,B
21124,B
28310,B
28316,B
28317,B
28326,B
28362,B
28367,B
28369,B
28372,B
28389,B
8417,B
8422,B
8423,B
47342,B
36370,B
36394,B
47305,B
12474,B
12484,B
36425,B
36427,B
36429,B
36433,B
36438,B
36439,B
36467,B
36468,B
36474,B
36477,B
36405,B
22,B
47372,B
36310,B
36315,B
36320,B
36321,B
36360,B
47362,B
47364,B
12437,B
12451,B
3199,B
17273,B
17283,B
17297,B
36350,B
7329,B
17230,B
17245,B
3177,B
3188,B
4341,B
4346,B
4373,B
9037,B
10363,B
10364,B
10366,B
10373,B
21074,B
28405,B
53811,B
51728,B
28447,B
28393,B
21049,B
21050,B
21073,B
47414,B
1465,B
36247,B
36249,B
36259,B
47388,B
47389,B
47391,B
47395,B
47402,B
47408,B
47411,B
36348,B
36286,B
36293,B
17337,B
47380,B
36323,B
36324,B
36326,B
36329,B
36339,B
36345,B
5633,B
36181,B
1489,B
47440,B
36153,B
53884,B
17385,B
36192,B
36198,B
36204,B
36235,B
36261,B
36264,B
36265,B
51672,B
28410,B
28413,B
28415,B
28418,B
24049,B
51666,B
541,B
28468,B
28470,B
28476,B
28483,B
20981,B
21005,B
21013,B
23996,B
28507,B
36067,B
36075,B
36103,B
36122,B
12383,B
12384,B
12385,B
12388,B
12414,B
12421,B
47462,B
17407,B
7277,B
36145,B
47451,B
47452,B
47457,B
36184,B
17363,B
17365,B
17371,B
36140,B
17390,B
17391,B
28493,B
28494,B
28495,B
28504,B
51659,B
10393,B
10396,B
10401,B
10410,B
10420,B
28531,B
28533,B
20966,B
51655,B
28569,B
28573,B
24001,B
28530,B
36003,B
36004,B
3228,B
47482,B
47494,B
47503,B
47514,B
36050,B
36063,B
36129,B
36133,B
17438,B
17448,B
36036,B
36045,B
4324,B
4337,B
28537,B
28554,B
28562,B
51581,B
51599,B
51605,B
51632,B
6430,B
28594,B
28615,B
28623,B
28625,B
28626,B
28645,B
20934,B
20956,B
28586,B
28593,B
47523,B
47525,B
12342,B
35894,B
35898,B
35963,B
35967,B
35985,B
47518,B
47522,B
36001,B
35906,B
35911,B
35913,B
35922,B
35927,B
17419,B
17425,B
35988,B
17450,B
17502,B
35874,B
35878,B
35882,B
35888,B
47586,B
47588,B
35851,B
35854,B
35863,B
35905,B
47558,B
47559,B
47569,B
47575,B
47581,B
17542,B
17544,B
17552,B
35899,B
35901,B
10428,B
28629,B
28631,B
28633,B
28638,B
580,B
583,B
595,B
600,B
28695,B
60,B
28701,B
28721,B
28726,B
28733,B
20890,B
20900,B
47622,B
12320,B
8466,B
8491,B
17601,B
35717,B
35719,B
47603,B
47610,B
47611,B
47613,B
47616,B
47621,B
35796,B
35797,B
35836,B
35890,B
35773,B
35775,B
35778,B
35786,B
35789,B
35707,B
35708,B
35715,B
17560,B
47656,B
2097,B
47672,B
47674,B
47677,B
47678,B
35771,B
47628,B
47632,B
47636,B
47638,B
47639,B
47640,B
35723,B
35724,B
35727,B
35729,B
51551,B
28734,B
28743,B
28745,B
20834,B
43713,B
10475,B
10500,B
10504,B
4277,B
4280,B
4291,B
43723,B
28778,B
28789,B
28803,B
28804,B
28809,B
47707,B
47710,B
17663,B
35671,B
47681,B
47693,B
47694,B
47700,B
3258,B
3266,B
3267,B
17571,B
17582,B
17585,B
17593,B
17598,B
35674,B
3246,B
20863,B
4295,B
28758,B
28759,B
28766,B
28767,B
28771,B
13980,B
6482,B
51458,B
51464,B
51478,B
28815,B
28819,B
28821,B
28830,B
20811,B
6467,B
28845,B
28853,B
28862,B
28866,B
28874,B
28814,B
35549,B
35562,B
35564,B
35565,B
12304,B
1457,B
47717,B
47720,B
17714,B
35642,B
12293,B
12294,B
12298,B
35601,B
35635,B
35637,B
35638,B
35446,B
35447,B
35449,B
35450,B
35452,B
35453,B
47731,B
47735,B
47748,B
17685,B
17686,B
17695,B
17711,B
17618,B
17621,B
17634,B
13987,B
35531,B
8977,B
8998,B
8999,B
28841,B
28843,B
28844,B
20703,B
20705,B
28904,B
20743,B
20796,B
10521,B
28921,B
28924,B
28926,B
4243,B
28943,B
28944,B
28957,B
28976,B
28983,B
28987,B
12237,B
12240,B
47797,B
35363,B
35434,B
35435,B
35436,B
35438,B
13995,B
7209,B
35402,B
35408,B
35409,B
35411,B
35426,B
35431,B
35454,B
35459,B
35475,B
35480,B
35485,B
7205,B
8513,B
8515,B
13997,B
47824,B
47828,B
47834,B
12209,B
12215,B
8503,B
8506,B
7221,B
47819,B
35386,B
17722,B
17728,B
7214,B
51429,B
51430,B
20733,B
20734,B
20735,B
28938,B
28939,B
29042,B
51362,B
51372,B
51414,B
51416,B
51417,B
29028,B
29030,B
29027,B
47879,B
47880,B
47881,B
47892,B
47893,B
47894,B
17776,B
17812,B
47843,B
47865,B
47871,B
47875,B
35338,B
35339,B
35348,B
35353,B
35266,B
35279,B
35327,B
35330,B
35331,B
35333,B
35334,B
9003,B
10540,B
28990,B
29006,B
29010,B
20658,B
20659,B
20673,B
629,B
4223,B
4224,B
43815,B
29048,B
29053,B
29064,B
29071,B
6512,B
29082,B
29091,B
4195,B
4204,B
4218,B
35195,B
35197,B
35202,B
35203,B
35208,B
12184,B
12185,B
47928,B
17847,B
17851,B
35259,B
35263,B
35265,B
47914,B
47924,B
35255,B
17833,B
29144,B
51326,B
51327,B
10574,B
10591,B
10595,B
51341,B
29074,B
29134,B
29135,B
29136,B
29138,B
29139,B
29140,B
29101,B
29112,B
29121,B
29124,B
20631,B
20635,B
6498,B
6500,B
6507,B
29172,B
35167,B
35168,B
35169,B
35170,B
35178,B
47972,B
1383,B
1386,B
35161,B
47944,B
47945,B
47949,B
47967,B
47969,B
47970,B
35215,B
35216,B
35222,B
47936,B
47982,B
47983,B
47985,B
47994,B
35058,B
1408,B
47977,B
47978,B
47981,B
1391,B
1393,B
1397,B
1400,B
1401,B
35184,B
35185,B
29146,B
29148,B
29149,B
29150,B
29164,B
51288,B
51310,B
51311,B
51316,B
29220,B
29221,B
29227,B
51259,B
51261,B
29189,B
29197,B
29200,B
29205,B
29218,B
48006,B
8561,B
12135,B
12142,B
35000,B
35004,B
35007,B
35042,B
35047,B
35052,B
35036,B
3328,B
3334,B
3341,B
3346,B
3360,B
35067,B
35130,B
35150,B
48046,B
48050,B
48052,B
48053,B
48062,B
48072,B
34881,B
34978,B
34988,B
34990,B
48018,B
48022,B
34938,B
34940,B
34941,B
34947,B
34952,B
34954,B
34974,B
34975,B
35023,B
17882,B
7167,B
35024,B
8956,B
51197,B
51232,B
51238,B
29268,B
29269,B
20573,B
20586,B
20595,B
20607,B
29317,B
29320,B
29247,B
29253,B
29256,B
29295,B
29304,B
48109,B
34822,B
34823,B
34824,B
34826,B
34871,B
48078,B
48079,B
48081,B
48086,B
48099,B
48100,B
48108,B
3371,B
3379,B
34887,B
34910,B
7179,B
7180,B
17885,B
17889,B
692,B
695,B
10642,B
29290,B
6571,B
20532,B
20544,B
51187,B
676,B
691,B
29332,B
29344,B
29347,B
6562,B
6566,B
29379,B
29380,B
29381,B
29387,B
4153,B
29327,B
12094,B
12103,B
12113,B
1370,B
7135,B
34744,B
17987,B
17995,B
1353,B
34804,B
34814,B
17967,B
17978,B
17985,B
34846,B
34847,B
17941,B
17943,B
34799,B
34802,B
48177,B
48181,B
34682,B
34683,B
34684,B
18040,B
7127,B
48117,B
48119,B
48140,B
48152,B
48163,B
34793,B
34719,B
34721,B
34728,B
7116,B
7122,B
34752,B
34753,B
34760,B
34767,B
34772,B
34779,B
34789,B
34790,B
12052,B
12081,B
34577,B
34661,B
34662,B
34677,B
12044,B
34639,B
34640,B
34641,B
34645,B
34650,B
34660,B
18052,B
18059,B
18072,B
34686,B
34709,B
34636,B
10674,B
10675,B
29367,B
29375,B
29376,B
51125,B
51146,B
10646,B
10654,B
10670,B
10672,B
20514,B
6548,B
43818,B
29410,B
29422,B
43805,B
20479,B
20508,B
48225,B
48244,B
48274,B
48275,B
48276,B
3406,B
18082,B
18098,B
18107,B
18114,B
48220,B
34631,B
34633,B
34567,B
34569,B
34570,B
34584,B
34606,B
34611,B
34613,B
34618,B
10720,B
51114,B
29404,B
29407,B
29467,B
29471,B
29474,B
51093,B
43806,B
51104,B
10705,B
10716,B
29524,B
29425,B
29436,B
29451,B
29456,B
29464,B
29509,B
29513,B
43813,B
18183,B
34510,B
34517,B
48279,B
13962,B
48290,B
18164,B
34463,B
34470,B
34475,B
34493,B
34494,B
34504,B
34508,B
3407,B
3418,B
3425,B
34536,B
34538,B
34545,B
18157,B
34423,B
34429,B
34433,B
34434,B
34410,B
34415,B
34418,B
34421,B
48324,B
48325,B
48333,B
48335,B
48346,B
7080,B
18122,B
18137,B
18140,B
13969,B
29500,B
29501,B
29502,B
29507,B
29508,B
29481,B
29483,B
29484,B
29491,B
29494,B
29589,B
51047,B
51065,B
51068,B
29545,B
29550,B
29554,B
29556,B
13976,B
29588,B
12023,B
12031,B
12037,B
12039,B
12041,B
34294,B
34297,B
34405,B
34406,B
34408,B
34409,B
48363,B
34379,B
34393,B
34441,B
34442,B
34443,B
34344,B
34356,B
34357,B
18231,B
1300,B
1317,B
1324,B
1334,B
18269,B
34275,B
7110,B
18199,B
18213,B
34265,B
34269,B
34304,B
34308,B
34310,B
34313,B
34324,B
43750,B
731,B
8888,B
20447,B
20449,B
29601,B
723,B
726,B
727,B
29593,B
29594,B
6613,B
20422,B
20424,B
20430,B
20445,B
34159,B
34160,B
34165,B
34178,B
18242,B
11985,B
8595,B
48414,B
34156,B
48397,B
48400,B
48403,B
11981,B
18270,B
34213,B
34217,B
34232,B
34252,B
50986,B
50990,B
51000,B
716,B
20410,B
20412,B
50966,B
50974,B
50983,B
50985,B
29622,B
29623,B
29624,B
29631,B
20355,B
20361,B
20367,B
20393,B
48467,B
48470,B
48477,B
3456,B
3457,B
48436,B
48438,B
48450,B
48452,B
48453,B
48459,B
48461,B
34148,B
18284,B
18293,B
18295,B
48428,B
34118,B
34128,B
50961,B
29646,B
29652,B
29660,B
29670,B
29679,B
10765,B
10766,B
10786,B
10796,B
50947,B
8903,B
10758,B
10761,B
20328,B
20398,B
29703,B
29717,B
29736,B
48501,B
48504,B
11929,B
11934,B
11935,B
48509,B
7037,B
7051,B
7054,B
48480,B
48496,B
34102,B
3450,B
34041,B
34045,B
34048,B
18371,B
34110,B
34066,B
34076,B
34093,B
48531,B
48553,B
48560,B
48563,B
18466,B
43763,B
48518,B
48521,B
48527,B
48530,B
34031,B
34035,B
33967,B
33968,B
18404,B
18409,B
34024,B
34028,B
50937,B
4114,B
4116,B
4120,B
4136,B
20313,B
20322,B
50902,B
50906,B
50928,B
50932,B
29776,B
29788,B
50880,B
50896,B
50899,B
20347,B
29746,B
48578,B
11896,B
11918,B
11919,B
11922,B
3510,B
3511,B
33886,B
33895,B
48569,B
33944,B
33947,B
33875,B
33876,B
33879,B
18467,B
33899,B
33900,B
33908,B
20255,B
20270,B
20285,B
50866,B
50867,B
29799,B
29800,B
29804,B
20253,B
10838,B
50838,B
50858,B
747,B
29861,B
29863,B
29867,B
29869,B
4067,B
4070,B
4071,B
1293,B
48599,B
3482,B
3506,B
48591,B
48594,B
48596,B
48597,B
1265,B
1275,B
1289,B
1290,B
33853,B
33863,B
33865,B
33866,B
33867,B
33869,B
33871,B
11926,B
33825,B
33836,B
33838,B
33841,B
33842,B
33843,B
33733,B
33738,B
33759,B
18553,B
48634,B
48660,B
33779,B
33798,B
33803,B
33808,B
18551,B
18552,B
18488,B
18490,B
18493,B
18495,B
29825,B
29827,B
29830,B
29839,B
50823,B
50832,B
50834,B
10829,B
10830,B
4099,B
29874,B
29875,B
50805,B
50812,B
29918,B
29919,B
29922,B
29925,B
43770,B
43783,B
4079,B
48681,B
11859,B
11865,B
48684,B
33710,B
33714,B
33719,B
33693,B
33694,B
33697,B
33698,B
33700,B
33704,B
18565,B
18568,B
18570,B
18575,B
7023,B
29892,B
29894,B
29908,B
43785,B
29917,B
29974,B
29976,B
29978,B
50779,B
43792,B
50786,B
10854,B
29959,B
29960,B
29962,B
29965,B
29966,B
29969,B
20207,B
20209,B
29937,B
29939,B
29956,B
11846,B
11847,B
18594,B
18605,B
48710,B
11838,B
33615,B
33624,B
33664,B
33670,B
33674,B
33676,B
33678,B
33679,B
48755,B
48769,B
47,B
48787,B
48799,B
33526,B
33528,B
33532,B
33557,B
8629,B
48725,B
48730,B
48734,B
3543,B
18625,B
18626,B
18662,B
14046,B
33588,B
33603,B
33607,B
3536,B
50757,B
50770,B
29983,B
29985,B
20192,B
20156,B
20158,B
50727,B
50728,B
50729,B
30098,B
30005,B
30007,B
30015,B
30027,B
30050,B
30075,B
30086,B
30089,B
33421,B
33423,B
33424,B
33425,B
33428,B
33431,B
33434,B
33436,B
48817,B
11814,B
1225,B
1243,B
33415,B
33457,B
33459,B
18683,B
18695,B
33535,B
33545,B
33547,B
33552,B
33450,B
33319,B
33320,B
33322,B
18718,B
18739,B
33401,B
1245,B
1253,B
8691,B
11753,B
11765,B
33367,B
33386,B
33440,B
33441,B
33445,B
33448,B
33350,B
33352,B
33358,B
10892,B
10893,B
50688,B
20118,B
20129,B
20130,B
20142,B
30099,B
30100,B
30112,B
30114,B
30115,B
30172,B
4058,B
4059,B
4060,B
33262,B
33265,B
33267,B
3555,B
3559,B
48842,B
48851,B
48859,B
48866,B
18756,B
18765,B
18772,B
33312,B
48830,B
48832,B
33288,B
33289,B
33291,B
33300,B
33307,B
18754,B
20098,B
6657,B
6664,B
14062,B
30169,B
50656,B
50659,B
50663,B
30150,B
30159,B
20089,B
30217,B
30219,B
30224,B
30226,B
50651,B
792,B
820,B
30184,B
30185,B
30188,B
30207,B
6968,B
33252,B
33253,B
48928,B
48935,B
33241,B
33243,B
48897,B
48910,B
48914,B
48920,B
3560,B
3582,B
33274,B
33276,B
8866,B
30173,B
30174,B
30176,B
30182,B
4003,B
50610,B
50625,B
10928,B
30236,B
30245,B
30248,B
30262,B
30263,B
30266,B
20044,B
20046,B
20058,B
20070,B
4029,B
33161,B
11724,B
11729,B
1220,B
48955,B
33218,B
33131,B
33134,B
18814,B
18833,B
33186,B
33199,B
33204,B
33206,B
33209,B
33256,B
33168,B
33174,B
33180,B
33185,B
48999,B
33024,B
33026,B
48971,B
48972,B
3608,B
3612,B
33089,B
33093,B
33117,B
33119,B
18862,B
18875,B
18883,B
18892,B
18896,B
50574,B
50580,B
50582,B
50584,B
50607,B
50609,B
30308,B
30349,B
10990,B
10994,B
20021,B
30371,B
30297,B
30299,B
30303,B
30419,B
30355,B
30356,B
30360,B
19985,B
20003,B
20012,B
20020,B
11705,B
11713,B
11715,B
11718,B
49043,B
32990,B
33072,B
49033,B
49039,B
33043,B
33065,B
33068,B
33070,B
33031,B
33032,B
33034,B
33035,B
33037,B
33039,B
33040,B
49088,B
49094,B
49097,B
32894,B
32910,B
32916,B
32961,B
32969,B
32970,B
49057,B
49072,B
49086,B
33007,B
33012,B
32945,B
33005,B
18912,B
18918,B
18925,B
18938,B
18945,B
30392,B
30393,B
30394,B
30398,B
30403,B
30405,B
30411,B
30415,B
30374,B
30384,B
30386,B
30388,B
30389,B
50531,B
50536,B
10971,B
10981,B
30372,B
30470,B
30472,B
11037,B
49111,B
32823,B
32824,B
14063,B
11637,B
11653,B
11660,B
11663,B
11670,B
14005,B
32878,B
18965,B
18977,B
18995,B
32882,B
1165,B
18959,B
6929,B
6934,B
6939,B
32873,B
32874,B
19035,B
49119,B
49125,B
32673,B
32674,B
32811,B
32814,B
32793,B
32794,B
19026,B
19027,B
3633,B
3634,B
3636,B
3656,B
3661,B
3663,B
32809,B
32810,B
32838,B
32840,B
32846,B
32862,B
32864,B
32804,B
30439,B
30441,B
30448,B
30449,B
50483,B
11002,B
11032,B
30426,B
30433,B
19946,B
19950,B
19951,B
30491,B
30494,B
50467,B
50472,B
30477,B
30481,B
30486,B
30488,B
6709,B
32618,B
32620,B
32624,B
32626,B
32632,B
32634,B
32600,B
32601,B
32610,B
6896,B
6904,B
8716,B
8717,B
8720,B
8723,B
8726,B
32773,B
32657,B
32667,B
32672,B
19069,B
6891,B
49226,B
49239,B
49243,B
49244,B
32526,B
49203,B
49207,B
49209,B
49210,B
49211,B
49221,B
32565,B
19104,B
32587,B
49190,B
32635,B
32636,B
32641,B
32642,B
32561,B
32562,B
32564,B
11043,B
8802,B
8806,B
8813,B
8827,B
8828,B
862,B
863,B
3947,B
3961,B
3970,B
30508,B
6684,B
6698,B
30568,B
30572,B
30517,B
30522,B
30533,B
19920,B
49277,B
49279,B
32454,B
32458,B
32460,B
32475,B
1124,B
1130,B
1131,B
14016,B
49272,B
32491,B
3676,B
3683,B
32504,B
1112,B
1114,B
32538,B
32543,B
32553,B
19166,B
32485,B
32486,B
14025,B
32430,B
32431,B
32432,B
19170,B
8715,B
14028,B
32426,B
11597,B
43625,B
8702,B
8705,B
8709,B
43733,B
8712,B
32478,B
32481,B
19139,B
49295,B
11583,B
30539,B
30547,B
30553,B
30555,B
30557,B
30561,B
30566,B
50454,B
50457,B
823,B
825,B
826,B
841,B
846,B
30629,B
50422,B
50442,B
50445,B
50446,B
30579,B
30586,B
30588,B
30594,B
30595,B
30625,B
32385,B
32390,B
32394,B
32397,B
32411,B
32366,B
32369,B
32373,B
32374,B
32376,B
32383,B
49313,B
49319,B
49333,B
49334,B
49336,B
32446,B
49310,B
49311,B
49312,B
32297,B
32299,B
32300,B
32301,B
32304,B
11547,B
11559,B
11561,B
11565,B
11566,B
19235,B
19243,B
32357,B
32362,B
49380,B
32415,B
32343,B
32346,B
19206,B
19220,B
19230,B
19233,B
50371,B
50377,B
50389,B
50398,B
50402,B
50403,B
50406,B
30640,B
30641,B
30647,B
50352,B
50358,B
30633,B
19869,B
19877,B
19880,B
19888,B
19900,B
19903,B
30680,B
30681,B
30708,B
30711,B
30712,B
30713,B
30714,B
30632,B
6832,B
6842,B
6854,B
6859,B
43650,B
49447,B
49448,B
32266,B
49409,B
49415,B
49416,B
49419,B
49430,B
49443,B
32325,B
32329,B
49401,B
49404,B
49457,B
49463,B
1082,B
32195,B
32248,B
32222,B
32225,B
32229,B
32230,B
32231,B
32267,B
32268,B
32269,B
11087,B
11092,B
30654,B
30657,B
30665,B
19865,B
11057,B
11067,B
11070,B
19862,B
30723,B
30727,B
30732,B
11513,B
1099,B
49491,B
32105,B
32106,B
19270,B
19274,B
19275,B
43654,B
3740,B
3750,B
32213,B
32214,B
32215,B
32163,B
32184,B
32186,B
3714,B
3725,B
3728,B
3734,B
3735,B
43655,B
30751,B
30781,B
50304,B
50306,B
50316,B
50319,B
865,B
875,B
898,B
900,B
30811,B
30812,B
30813,B
30821,B
30822,B
49524,B
49534,B
49550,B
19328,B
13950,B
19332,B
32099,B
49497,B
49502,B
49504,B
32157,B
32158,B
19308,B
32115,B
32124,B
32126,B
50282,B
50284,B
50285,B
50286,B
30797,B
30805,B
30809,B
50230,B
50231,B
50233,B
50234,B
50261,B
50268,B
50269,B
50271,B
6723,B
6726,B
6735,B
6745,B
6747,B
19765,B
19769,B
30869,B
43873,B
6718,B
6722,B
32003,B
32011,B
32013,B
32015,B
11468,B
11470,B
11489,B
31967,B
31971,B
31973,B
32092,B
49581,B
49582,B
49588,B
32047,B
32067,B
32070,B
32085,B
31919,B
31952,B
31955,B
31956,B
31960,B
49639,B
19376,B
31902,B
31904,B
31913,B
31916,B
49607,B
49625,B
11410,B
11424,B
11434,B
32023,B
32028,B
32029,B
11106,B
11128,B
30847,B
30852,B
30854,B
30862,B
30920,B
50184,B
50185,B
50197,B
43875,B
30908,B
30911,B
30912,B
30913,B
30915,B
19759,B
30885,B
30886,B
30891,B
30896,B
30898,B
31859,B
3759,B
3786,B
1051,B
1053,B
1060,B
1066,B
19350,B
19362,B
49644,B
31961,B
31876,B
31877,B
31882,B
31890,B
31891,B
19345,B
31786,B
31800,B
31801,B
31803,B
31804,B
31807,B
31811,B
8742,B
49701,B
31760,B
31765,B
31766,B
31770,B
31780,B
19397,B
19411,B
49691,B
8731,B
8734,B
8741,B
31867,B
31875,B
31821,B
31833,B
19392,B
11164,B
11184,B
11193,B
19727,B
924,B
935,B
938,B
942,B
11157,B
31005,B
31017,B
31022,B
31025,B
30946,B
30947,B
30954,B
30957,B
30964,B
30996,B
30997,B
49736,B
49753,B
49759,B
49760,B
49795,B
43466,B
31718,B
31722,B
31723,B
49708,B
49732,B
19452,B
31710,B
31713,B
31812,B
31813,B
31820,B
19430,B
19436,B
19442,B
3832,B
31596,B
31603,B
31611,B
31614,B
31615,B
11372,B
11374,B
11376,B
11379,B
11388,B
49808,B
6816,B
6817,B
31668,B
49802,B
49803,B
31651,B
6815,B
50122,B
50144,B
905,B
911,B
918,B
19764,B
31072,B
31073,B
31087,B
50113,B
19701,B
19703,B
19711,B
31042,B
31046,B
31088,B
31094,B
31096,B
19689,B
19691,B
19696,B
11352,B
31552,B
31576,B
31578,B
31582,B
49817,B
11311,B
11322,B
11334,B
19508,B
3826,B
3828,B
49816,B
31624,B
31633,B
19484,B
19488,B
19495,B
31120,B
31127,B
31128,B
11223,B
11230,B
11233,B
31100,B
31105,B
31114,B
3900,B
31161,B
43565,B
50091,B
50092,B
50097,B
11199,B
31155,B
19660,B
19668,B
19669,B
49889,B
49890,B
31478,B
31484,B
31491,B
19541,B
19543,B
997,B
1001,B
1018,B
1019,B
1024,B
49881,B
31522,B
31523,B
31524,B
31527,B
31531,B
31532,B
31535,B
31541,B
31585,B
31586,B
31498,B
31505,B
31506,B
31518,B
11293,B
3847,B
3862,B
3865,B
31389,B
31390,B
19591,B
43569,B
31419,B
31425,B
31452,B
31453,B
31454,B
31462,B
31473,B
31496,B
31437,B
8787,B
50048,B
31201,B
31211,B
31213,B
31217,B
11241,B
31268,B
31175,B
31176,B
31184,B
31196,B
31197,B
31198,B
31199,B
31257,B
31259,B
31265,B
31267,B
989,B
31311,B
31312,B
31313,B
19630,B
49923,B
49932,B
967,B
974,B
976,B
31346,B
3834,B
53931,B
11,B
8,B
43742,B
43744,B
9355,B
9361,B
40,B
24118,B
23948,B
23955,B
53763,B
53766,B
9337,B
9344,B
24167,B
24175,B
23917,B
23936,B
23942,B
5578,B
5582,B
23898,B
24146,B
24155,B
24165,B
43845,B
43857,B
43872,B
43576,B
43634,B
53,B
49922,B
31326,B
50025,B
31225,B
31226,B
31234,B
31238,B
9320,B
49974,B
49979,B
49992,B
49995,B
50000,B
50012,B
31285,B
31293,B
49963,B
19639,B
6774,B
31320,B
31279,B
31280,B
53920,B
53925,B
9301,B
9307,B
9317,B
43746,B
24052,B
24054,B
2043,B
49973,B
12974,B
3397,B
15737,B
45779,B
782,B
17991,B
38272,B
6660,B
8257,B
30637,B
28776,B
52511,B
25403,B
43368,B
31143,B
738,B
32559,B
18283,B
18809,B
31398,B
34327,B
4133,B
4156,B
19517,B
17268,B
49087,B
23567,B
20902,B
44546,B
14863,B
52007,B
20278,B
4671,B
26697,B
19852,B
24007,B
37987,B
35228,B
29634,B
48411,B
29526,B
23276,B
35082,B
19339,B
53538,B
36065,B
51662,B
14470,B
20189,B
11308,B
50322,B
37939,B
44931,B
18384,B
33578,B
28424,B
41270,B
51955,B
7604,B
45597,B
39856,B
28524,B
36695,B
34114,B
50107,B
16634,B
35162,B
47052,B
3396,B
14360,B
48575,B
31659,B
41268,B
6710,B
21076,B
39343,B
36707,B
52201,B
31662,B
29015,B
23028,B
27335,B
31420,B
51892,B
16074,B
33554,B
37872,B
35672,B
28425,B
555,B
51927,B
16975,B
16721,B
46447,B
37986,B
21687,B
3906,B
48858,B
33685,B
28982,B
47667,B
32038,B
18943,B
24371,B
29520,B
20499,B
42385,B
9744,B
31661,B
48116,B
22970,B
32309,B
36163,B
34108,B
42450,B
34122,B
27924,B
34121,B
48856,B
20258,B
20257,B
48803,B
53106,B
5411,B
12556,B
739,B
23029,B
32800,B
52929,B
24583,B
36696,B
33108,B
28091,B
28051,B
32116,B
48169,B
41623,B
34399,B
12850,B
5085,B
30312,B
14127,B
27409,B
24512,B
1045,B
39347,B
26768,B
39754,B
34801,B
17907,B
32040,B
35587,B
17558,B
53225,B
46351,B
50618,B
33170,B
22026,B
31617,B
31240,B
43317,B
39736,B
21639,B
29523,B
50320,B
44527,B
31252,B
52774,B
3565,B
40399,B
43363,B
44271,B
1481,B
31515,B
49888,B
31494,B
19645,B
19659,B
19582,B
19618,B
19499,B
19506,B
19513,B
49820,B
50094,B
31130,B
31840,B
49789,B
31646,B
30966,B
30999,B
31004,B
31006,B
919,B
19370,B
11146,B
11163,B
947,B
30932,B
19737,B
19750,B
31838,B
11349,B
31555,B
31573,B
31090,B
11403,B
8754,B
31889,B
19354,B
31049,B
31050,B
50108,B
50124,B
49851,B
49854,B
23817,B
24354,B
9417,B
32027,B
49609,B
11445,B
31910,B
102,B
53687,B
24253,B
14178,B
43408,B
43278,B
24385,B
43514,B
43425,B
43426,B
43458,B
43927,B
43939,B
78,B
943,B
19458,B
19460,B
31712,B
49745,B
43946,B
43947,B
43949,B
19796,B
6716,B
6736,B
6740,B
50223,B
32111,B
49578,B
11450,B
49681,B
31849,B
32113,B
32131,B
32151,B
32159,B
32006,B
3760,B
30882,B
30887,B
30903,B
1036,B
49668,B
49669,B
30918,B
30919,B
11103,B
11130,B
30840,B
32026,B
31851,B
31857,B
30777,B
30780,B
30817,B
30829,B
50289,B
870,B
50307,B
1093,B
1097,B
19868,B
30746,B
30749,B
30774,B
30775,B
30776,B
32069,B
32078,B
32081,B
3722,B
19269,B
19288,B
19293,B
19299,B
11460,B
11472,B
11475,B
32004,B
31953,B
31958,B
31959,B
32063,B
9369,B
9389,B
9390,B
44091,B
43313,B
43314,B
43315,B
14151,B
14161,B
43335,B
14181,B
24435,B
23710,B
53634,B
43985,B
43987,B
44001,B
44012,B
44020,B
5547,B
5560,B
43403,B
49518,B
49547,B
32041,B
43974,B
43976,B
43982,B
30731,B
19826,B
19827,B
50369,B
30578,B
32413,B
19242,B
49372,B
19850,B
19853,B
19855,B
30792,B
30794,B
30795,B
50334,B
11095,B
30660,B
32216,B
32218,B
32219,B
32220,B
19844,B
44059,B
14221,B
32221,B
32226,B
32227,B
32228,B
32235,B
32238,B
49297,B
32427,B
32428,B
30583,B
30621,B
30626,B
30627,B
30563,B
49453,B
49472,B
1072,B
3708,B
49292,B
8711,B
8713,B
30642,B
32310,B
32333,B
49444,B
32250,B
32251,B
32257,B
32247,B
32280,B
32285,B
19258,B
19259,B
19260,B
6847,B
6860,B
30516,B
1123,B
49273,B
32461,B
32462,B
30567,B
30574,B
19943,B
19092,B
19119,B
49205,B
49225,B
32515,B
6699,B
30507,B
30509,B
32288,B
32298,B
32306,B
19196,B
49308,B
49309,B
32585,B
19086,B
49314,B
49338,B
49353,B
32367,B
32375,B
32398,B
32399,B
32286,B
32536,B
32784,B
8722,B
11599,B
11617,B
53632,B
24434,B
14236,B
30440,B
30450,B
30459,B
32592,B
32621,B
30489,B
19949,B
19021,B
19030,B
49124,B
32869,B
11014,B
30435,B
30437,B
32429,B
19176,B
19183,B
19186,B
3699,B
3703,B
32805,B
32960,B
49046,B
49093,B
1153,B
33028,B
30387,B
18921,B
14357,B
7979,B
42980,B
42990,B
42994,B
42995,B
43118,B
32959,B
24462,B
23688,B
53591,B
9428,B
43133,B
1998,B
2009,B
44114,B
43192,B
14303,B
8043,B
8058,B
24510,B
24521,B
24522,B
33091,B
33092,B
33094,B
11697,B
11720,B
30370,B
30350,B
48968,B
48969,B
48976,B
48989,B
50551,B
50572,B
50600,B
33123,B
10957,B
10979,B
18978,B
11636,B
1179,B
32831,B
32835,B
33102,B
32934,B
30462,B
30474,B
30475,B
50507,B
50514,B
50520,B
20041,B
49009,B
33257,B
33184,B
33194,B
33198,B
30234,B
4001,B
50624,B
50626,B
33158,B
33159,B
8678,B
8855,B
8868,B
33269,B
33277,B
33285,B
20043,B
20045,B
33044,B
33045,B
33069,B
33071,B
33073,B
33074,B
49036,B
11683,B
48879,B
33260,B
50652,B
50674,B
50677,B
20099,B
24597,B
14378,B
14385,B
18782,B
18798,B
48841,B
53556,B
43076,B
44207,B
44210,B
42835,B
5453,B
23562,B
43086,B
43094,B
43105,B
43018,B
43020,B
23615,B
53541,B
33360,B
33364,B
33380,B
33383,B
33385,B
33390,B
6679,B
6681,B
33397,B
33400,B
1263,B
33338,B
18728,B
3521,B
33443,B
30189,B
33287,B
48901,B
48911,B
1198,B
1205,B
33250,B
33251,B
30170,B
18744,B
33297,B
6959,B
6983,B
33255,B
30183,B
30082,B
30094,B
30013,B
30025,B
20154,B
50732,B
33455,B
18671,B
48739,B
48749,B
33663,B
33671,B
50758,B
29984,C
33606,C
30063,C
4057,C
4061,C
4065,C
30133,C
18622,C
18636,C
3550,C
48737,C
20122,C
10890,C
50709,C
33266,C
4047,C
4055,C
4056,C
23577,C
14502,C
7939,C
44264,C
44265,C
23504,C
24612,C
42811,C
24701,C
23524,C
23533,C
5779,C
24715,C
13842,C
42766,C
42773,C
42996,C
24637,C
9472,C
53521,C
24599,C
33516,C
48811,C
30059,C
14485,C
42828,C
42833,C
13830,C
33622,C
33633,C
7028,C
33637,C
48622,C
48631,C
48636,C
48666,C
8614,C
8616,C
33572,C
33681,C
33682,C
33621,C
20233,C
29936,C
29961,C
29972,C
29975,C
10857,C
10882,C
11842,C
24696,C
29884,C
33768,C
33770,C
33772,C
33695,C
33706,C
33707,C
33942,C
33946,C
33948,C
33885,C
33893,C
48565,C
33716,C
33717,C
33718,C
33728,C
8652,C
11862,C
33662,C
4072,C
6620,C
6625,C
50817,C
50819,C
50833,C
10831,C
29834,C
29840,C
48677,C
33740,C
33741,C
33742,C
29841,C
29850,C
33774,C
18517,C
34012,C
18408,C
18415,C
29786,C
29787,C
50931,C
50936,C
48515,C
48526,C
48535,C
48550,C
48557,C
34001,C
34008,C
6644,C
33829,C
33830,C
48600,C
3481,C
3508,C
20287,C
33926,C
33939,C
33940,C
29856,C
50844,C
767,C
29737,C
29739,C
4108,C
50944,C
50948,C
50949,C
10782,C
34095,C
10788,C
10789,C
29691,C
29698,C
18252,C
34119,C
29727,C
29784,C
34123,C
34140,C
34147,C
48430,C
33993,C
20292,C
29742,C
29743,C
29745,C
29747,C
29753,C
42489,C
2274,C
42632,C
8576,C
34154,C
34155,C
34166,C
34168,C
5412,C
5430,C
44307,C
44318,C
44329,C
42586,C
23449,C
42480,C
42746,C
42749,C
2213,C
9291,C
9483,C
9504,C
53484,C
7055,C
7064,C
48498,C
11947,C
42804,C
42809,C
42810,C
42723,C
34274,C
34282,C
7106,C
1305,C
18255,C
34444,C
34394,C
34321,C
51011,C
18350,C
18354,C
29700,C
20368,C
29618,C
29626,C
29628,C
11980,C
11995,C
29633,C
50982,C
50989,C
51004,C
51010,C
18235,C
29597,C
29614,C
34212,C
34226,C
34256,C
11976,C
7082,C
7084,C
48318,C
34295,C
29548,C
51028,C
51066,C
48334,C
34413,C
34417,C
34422,C
51092,C
29488,C
29496,C
29499,C
29537,C
34303,C
34306,C
729,C
730,C
733,C
734,C
34328,C
34336,C
34268,C
34270,C
34272,C
29528,C
42406,C
10723,C
34594,C
34628,C
34629,C
34632,C
34575,C
24776,C
42438,C
44368,C
2281,C
14585,C
14616,C
42479,C
7883,C
7889,C
24837,C
24840,C
5377,C
118,C
122,C
24775,C
34400,C
34404,C
12003,C
24783,C
42603,C
42533,C
7881,C
18012,C
29356,C
34637,C
34648,C
34652,C
34665,C
34673,C
34676,C
48296,C
12043,C
12055,C
12076,C
48203,C
48211,C
34727,C
29515,C
29517,C
34426,C
34432,C
3422,C
34516,C
3398,C
10717,C
10722,C
48309,C
34447,C
34448,C
34452,C
678,C
8918,C
1362,C
1363,C
12093,C
12098,C
8534,C
3367,C
29377,C
29334,C
29346,C
29348,C
20545,C
4179,C
20515,C
29288,C
29289,C
29291,C
34909,C
17892,C
17894,C
6538,C
6549,C
51123,C
8958,C
51171,C
48219,C
29409,C
4175,C
42282,C
42283,C
2292,C
2303,C
2309,C
42292,C
42295,C
42300,C
44488,C
44498,C
44500,C
42247,C
24959,C
23324,C
23332,C
23342,C
44446,C
42335,C
5404,C
24891,C
24947,C
42353,C
42364,C
42381,C
34828,C
34805,C
17970,C
44424,C
44432,C
35183,C
35187,C
35189,C
35192,C
35193,C
1406,C
51276,C
51277,C
29309,C
29315,C
29267,C
34868,C
29297,C
35180,C
51206,C
51237,C
51244,C
7168,C
29303,C
29305,C
29306,C
29307,C
34979,C
48013,C
48063,C
35122,C
35126,C
20580,C
8952,C
20624,C
29174,C
29106,C
29107,C
47942,C
47962,C
35164,C
29131,C
29141,C
17821,C
17822,C
17824,C
35166,C
35173,C
35177,C
29235,C
35131,C
35157,C
3352,C
35043,C
35055,C
29118,C
29129,C
51321,C
29147,C
29155,C
35179,C
48003,C
29195,C
29219,C
29222,C
23290,C
42221,C
14720,C
14740,C
44542,C
13686,C
42281,C
13712,C
42095,C
42105,C
23235,C
25115,C
25104,C
25020,C
42206,C
42219,C
14646,C
53336,C
53376,C
42248,C
14671,C
14687,C
47975,C
47976,C
47980,C
47988,C
35057,C
44525,C
12202,C
47827,C
17815,C
17817,C
17818,C
35303,C
35307,C
35455,C
6524,C
20656,C
17838,C
17842,C
47907,C
12162,C
12168,C
12174,C
29012,C
35315,C
35328,C
47935,C
35198,C
35213,C
29077,C
29081,C
13690,C
35280,C
47861,C
47888,C
29018,C
51351,C
640,C
8996,C
35530,C
17666,C
17700,C
17713,C
28952,C
28922,C
29031,C
29032,C
47729,C
47737,C
47760,C
47773,C
35445,C
10524,C
51407,C
51423,C
51428,C
17715,C
17727,C
29021,C
29022,C
29023,C
17746,C
17755,C
17769,C
47809,C
47811,C
47820,C
29034,C
29035,C
35676,C
12309,C
35542,C
35543,C
35554,C
35593,C
35595,C
7232,C
47695,C
28887,C
28818,C
51477,C
51525,C
28762,C
12233,C
12256,C
47795,C
3322,C
35689,C
35644,C
17612,C
7223,C
20695,C
20697,C
20762,C
10523,C
35401,C
35433,C
35439,C
47782,C
41882,C
41883,C
14772,C
42014,C
41949,C
14781,C
47669,C
14801,C
44617,C
13666,C
5254,C
23146,C
25147,C
12049,C
2370,C
42081,C
42060,C
42064,C
9592,C
9233,C
42123,C
42124,C
42077,C
35633,C
1446,C
1450,C
1456,C
12268,C
2320,C
2323,C
2350,C
35855,C
35864,C
581,C
586,C
614,C
615,C
10440,C
10441,C
51546,C
47704,C
35598,C
43807,C
28777,C
28806,C
35902,C
35852,C
28744,C
35728,C
35732,C
35737,C
28754,C
4287,C
4288,C
20852,C
35704,C
45332,C
17562,C
17570,C
35891,C
35787,C
51547,C
28741,C
51639,C
28552,C
35964,C
47517,C
47521,C
12382,C
35896,C
35897,C
36023,C
36037,C
36058,C
36064,C
28599,C
51569,C
51570,C
51636,C
28725,C
35833,C
35847,C
47605,C
47606,C
35722,C
28559,C
28560,C
35900,C
28747,C
20871,C
43895,C
28748,C
28664,C
28665,C
28667,C
8147,C
44730,C
41888,C
41890,C
14032,C
44715,C
28502,C
17360,C
25208,C
25217,C
41786,C
41787,C
41809,C
23135,C
23136,C
25229,C
41932,C
44639,C
44645,C
44653,C
44670,C
25280,C
176,C
53288,C
28584,C
35879,C
17423,C
35989,C
35993,C
35942,C
41901,C
41919,C
43626,C
1492,C
14042,C
36166,C
36177,C
36263,C
36274,C
36284,C
47474,C
47480,C
47488,C
47489,C
47496,C
36002,C
36005,C
1474,C
10400,C
10421,C
43823,C
3230,C
3236,C
28516,C
43866,C
28532,C
17396,C
36147,C
12393,C
43869,C
36101,C
20971,C
51656,C
51658,C
3201,C
2036,C
28402,C
51687,C
9039,C
10350,C
10378,C
10386,C
28459,C
28460,C
28479,C
28360,C
28361,C
7332,C
17224,C
17231,C
28423,C
38,C
23969,C
36121,C
6440,C
20994,C
21000,C
28453,C
36194,C
36205,C
36240,C
28489,C
538,C
545,C
43572,C
51671,C
28368,C
28329,C
28332,C
28334,C
28336,C
36440,C
47306,C
47309,C
28358,C
28289,C
36498,C
36502,C
36509,C
36513,C
36521,C
47347,C
21077,C
36178,C
36335,C
36342,C
17315,C
17346,C
47373,C
47382,C
10387,C
4376,C
36248,C
36253,C
36254,C
28428,C
28438,C
24139,C
21085,C
21106,C
21117,C
510,C
514,C
515,C
9025,C
17210,C
36489,C
36641,C
9028,C
51821,C
28232,C
28239,C
28263,C
28272,C
36463,C
17252,C
17262,C
28282,C
17194,C
36632,C
3133,C
36585,C
47310,C
12481,C
47336,C
36359,C
36361,C
47355,C
12467,C
36308,C
17180,C
28283,C
28286,C
36662,C
36663,C
36674,C
36679,C
36685,C
21142,C
51824,C
51874,C
24170,C
51895,C
47188,C
24177,C
17169,C
36769,C
36697,C
23941,C
47160,C
36824,C
36827,C
28179,C
28209,C
7308,C
47274,C
47278,C
36445,C
36447,C
36448,C
28292,C
21164,C
8125,C
36911,C
47094,C
47103,C
47119,C
36972,C
36992,C
28086,C
5645,C
25334,C
41725,C
41729,C
41734,C
41662,C
41663,C
44760,C
23046,C
23078,C
23190,C
9253,C
41627,C
41629,C
5651,C
26129,C
26176,C
53773,C
41811,C
41821,C
41823,C
1936,C
1947,C
25346,C
37169,C
28045,C
4385,C
4396,C
37158,C
37054,C
37088,C
3117,C
28143,C
37104,C
37105,C
47002,C
47017,C
47028,C
47047,C
24101,C
28056,C
28076,C
36856,C
12593,C
47143,C
36790,C
17079,C
28139,C
24102,C
36955,C
36934,C
3086,C
36909,C
10322,C
51911,C
52,C
27955,C
27956,C
16953,C
16954,C
4397,C
51979,C
10250,C
10257,C
12673,C
37180,C
37192,C
37193,C
10265,C
10271,C
27949,C
27954,C
47068,C
8353,C
8369,C
3097,C
3111,C
16963,C
8403,C
12664,C
4407,C
18,C
51928,C
51945,C
53879,C
28015,C
36995,C
37025,C
52910,C
44869,C
44870,C
44874,C
44876,C
44877,C
15049,C
41457,C
2404,C
5043,C
44784,C
25472,C
25517,C
25419,C
5224,C
22964,C
44816,C
41557,C
41561,C
41563,C
41570,C
53212,C
53221,C
41635,C
10263,C
26083,C
46958,C
46966,C
46986,C
44792,C
44800,C
44810,C
37329,C
37472,C
3012,C
37442,C
7403,C
16860,C
46827,C
27879,C
1560,C
46919,C
16920,C
37204,C
37206,C
37210,C
37214,C
37305,C
51998,C
26085,C
52010,C
27892,C
27906,C
37270,C
37273,C
46890,C
22947,C
15406,C
27925,C
37398,C
37402,C
37403,C
27960,C
27966,C
4432,C
6367,C
12740,C
12753,C
37463,C
37468,C
27863,C
27876,C
46745,C
46750,C
46777,C
37527,C
27789,C
27797,C
52107,C
52120,C
37407,C
37410,C
37418,C
16884,C
16906,C
46878,C
12695,C
37562,C
10228,C
10232,C
12718,C
12738,C
37286,C
27930,C
27932,C
27943,C
2990,C
4449,C
27742,C
37528,C
37545,C
37718,C
37721,C
37737,C
27755,C
4430,C
52172,C
10193,C
46727,C
46734,C
37598,C
2985,C
52185,C
27702,C
27708,C
16714,C
45298,C
16734,C
46673,C
27751,C
27770,C
46835,C
46865,C
37547,C
37554,C
3031,C
7385,C
1601,C
41330,C
41336,C
41469,C
41492,C
41495,C
45325,C
37873,C
37888,C
15028,C
44885,C
44892,C
13552,C
44894,C
25633,C
8076,C
44940,C
44830,C
25566,C
22865,C
22880,C
22906,C
9666,C
9684,C
41443,C
37740,C
12793,C
53131,C
41573,C
41574,C
41588,C
41539,C
14983,C
52239,C
38158,C
38165,C
16563,C
46538,C
2969,C
16621,C
27595,C
46699,C
37839,C
37842,C
37765,C
37766,C
37799,C
37801,C
52238,C
37917,C
37802,C
21369,C
21377,C
27620,C
27655,C
27694,C
10151,C
37896,C
12808,C
12837,C
31350,C
4456,C
4470,C
4471,C
4483,C
16502,C
21518,C
52247,C
9099,C
6316,C
16596,C
8281,C
8283,C
46457,C
38125,C
38126,C
38141,C
27455,C
27494,C
38175,C
38187,C
37808,C
37811,C
31373,C
49928,C
2955,C
16507,C
46446,C
951,C
21473,C
952,C
46572,C
16668,C
16682,C
31631,C
37989,C
46520,C
41351,C
38268,C
31638,C
38274,C
1675,C
1681,C
12900,C
4573,C
25686,C
25689,C
25694,C
41206,C
41207,C
41344,C
41345,C
41346,C
53105,C
31644,C
53113,C
25616,C
41377,C
44949,C
41300,C
25672,C
8285,C
31314,C
2458,C
41423,C
41429,C
15067,C
15069,C
15072,C
16366,C
38516,C
16416,C
21586,C
21618,C
21625,C
27318,C
31249,C
46401,C
46412,C
38223,C
10078,C
38544,C
38553,C
38496,C
16363,C
38245,C
31261,C
27381,C
4544,C
4571,C
7494,C
16467,C
16489,C
52303,C
52336,C
384,C
27361,C
16449,C
38228,C
38229,C
38244,C
38732,C
38734,C
38737,C
46219,C
46220,C
46229,C
31212,C
21689,C
1719,C
12964,C
12969,C
31336,C
16344,C
27243,C
38730,C
38731,C
46343,C
31349,C
38319,C
38324,C
38325,C
38326,C
2832,C
2848,C
31220,C
38452,C
38456,C
46274,C
46292,C
46293,C
46320,C
38378,C
38727,C
21719,C
38630,C
38786,C
38804,C
16238,C
38760,C
8766,C
27202,C
10013,C
10015,C
46158,C
46165,C
46166,C
46170,C
38722,C
38939,C
38944,C
16164,C
16175,C
46112,C
6266,C
6287,C
4628,C
4598,C
46272,C
38428,C
38598,C
38600,C
7509,C
46215,C
27128,C
38980,C
46101,C
38922,C
39066,C
52440,C
52441,C
27008,C
38967,C
22816,C
15160,C
2497,C
25772,C
25805,C
8776,C
25714,C
38979,C
41323,C
41324,C
41263,C
22789,C
5999,C
9702,C
9715,C
9718,C
41269,C
50060,C
44975,C
44978,C
45000,C
41205,C
41305,C
41314,C
39054,C
39058,C
39059,C
27044,C
31142,C
21869,C
6245,C
4681,C
38818,C
21750,C
31146,C
10001,C
9122,C
15995,C
39153,C
39193,C
21821,C
21856,C
27080,C
46113,C
46119,C
12999,C
13021,C
13023,C
7566,C
38974,C
38978,C
27091,C
27102,C
21797,C
21814,C
27052,C
26902,C
39293,C
16047,C
26911,C
26913,C
26966,C
26971,C
52530,C
45924,C
45928,C
45932,C
45934,C
52569,C
333,C
21976,C
21987,C
2816,C
38981,C
38995,C
7537,C
39094,C
39095,C
49956,C
39271,C
16081,C
16091,C
45979,C
45982,C
39039,C
39051,C
39052,C
39087,C
4707,C
39207,C
39210,C
39222,C
43900,C
19570,C
41171,C
45026,C
22039,C
352,C
31428,C
15927,C
31431,C
39283,C
39284,C
26910,C
39481,C
15948,C
39378,C
39383,C
39390,C
4715,C
22021,C
31445,C
39205,C
31447,C
39114,C
39127,C
39129,C
16029,C
16030,C
26776,C
39593,C
31412,C
39667,C
31413,C
26674,C
26677,C
39602,C
39603,C
45102,C
40872,C
41097,C
41114,C
41026,C
41036,C
39591,C
39592,C
53062,C
7779,C
7792,C
41043,C
45055,C
13433,C
22696,C
22768,C
13472,C
8162,C
2487,C
15132,C
5131,C
52999,C
53025,C
53044,C
26684,C
4797,C
4804,C
22101,C
39672,C
39699,C
39703,C
39637,C
15783,C
15787,C
31819,C
22109,C
22133,C
6132,C
52654,C
2710,C
15871,C
45812,C
45832,C
45839,C
52656,C
6160,C
6161,C
39726,C
39585,C
39436,C
39442,C
26844,C
26749,C
4746,C
4769,C
39392,C
2536,C
45186,C
52700,C
9872,C
4920,C
39903,C
39904,C
39845,C
15201,C
40850,C
22680,C
25952,C
9772,C
40741,C
40896,C
40907,C
40953,C
45087,C
52927,C
903,C
52949,C
52987,C
25871,C
22649,C
7621,C
7636,C
2701,C
2702,C
15216,C
41003,C
40929,C
40942,C
31647,C
40057,C
9832,C
9153,C
26384,C
22328,C
22336,C
6094,C
39817,C
31657,C
15754,C
1781,C
15692,C
15697,C
15708,C
45596,C
45653,C
45666,C
45669,C
39752,C
39753,C
19710,C
45678,C
13201,C
31418,C
39755,C
39760,C
39762,C
4880,C
26480,C
45651,C
45652,C
45516,C
39940,C
6118,C
22356,C
26353,C
40059,C
40091,C
39967,C
52754,C
52757,C
52768,C
49904,C
52782,C
52784,C
40133,C
45508,C
45642,C
1769,C
26431,C
15573,C
45463,C
40046,C
40278,C
40280,C
15645,C
15686,C
22253,C
52727,C
39865,C
45615,C
45633,C
45635,C
45253,C
45255,C
7767,C
9788,C
9790,C
9800,C
9814,C
40393,C
40849,C
45191,C
22572,C
22585,C
6038,C
40714,C
45234,C
45245,C
40722,C
40725,C
40729,C
245,C
11281,C
7753,C
40805,C
40834,C
39969,C
40015,C
15602,C
15603,C
13380,C
13386,C
13413,C
40719,C
45350,C
45362,C
45370,C
45381,C
40594,C
15378,C
15399,C
52883,C
1817,C
40283,C
40286,C
15491,C
15518,C
40252,C
40187,C
40369,C
22382,C
9222,C
40379,C
40306,C
40313,C
7710,C
7711,C
1807,C
31388,C
40404,C
40405,C
45426,C
40255,C
26257,C
26268,C
26313,C
40577,C
15349,C
40623,C
13342,C
2550,C
2560,C
2569,C
9203,C
40346,C
26215,C
22428,C
22436,C
22443,C
2576,C
2577,C
40576,C
6078,C
6085,C
22474,C
52836,C
52868,C
52881,C
52882,C
13285,C
52884,C
40552,C
40436,C
40480,C
40484,C
40414,C
40415,C
6063,C
19633,C
19634,C
6761,C
5614,C
31665,C
24018,C
14,C
31393,C
31299,C
49994,C
31222,C
31223,C
24056,C
24057,C
24069,C
9316,C
11361,C
31405,C
31410,C
31331,C
31334,C
31282,C
31290,C
31298,C
2062,C
43465,C
43474,C
43732,C
43738,C
14015,C
31391,C
24034,C
24212,C
43536,C
2100,C
2123,C
14136,C
7996,C
43894,C
43556,C
53738,C
53743,C
43601,C
43903,C
43904,C
43911,C
24305,C
24317,C
43557,C
31132,C
14129,C
2047,C
24235,C
23859,C
5694,C
53718,C
17,C
43820,C
43658,C
53897,C
43697,C
43725,C
43618,C
43784,C
14126,C
32160,C
1043,C
25883,C
11618,C
50291,C
30810,C
35640,C
39604,C
41017,C
25220,C
29527,C
34591,C
48308,C
34046,C
18472,C
1294,C
48696,C
33580,C
46137,C
31383,C
22777,C
6417,C
39737,C
41266,C
37940,C
29158,C
32039,C
49105,C
49602,C
24702,C
29025,C
45364,C
31717,C
30275,C
46409,C
16939,C
39346,C
39344,C
29529,C
51051,C
33573,C
41265,C
48344,C
31664,C
52495,C
12897,C
52692,C
48857,C
43917,C
30274,C
37275,C
44925,C
41056,C
31138,C
22499,C
39345,C
47973,C
6151,C
29636,C
34550,C
1920,C
1919,C
41763,C
23006,C
47186,C
1044,C
50743,C
50619,C
28523,C
48343,C
33757,C
47974,C
737,C
28039,C
37988,C
37874,C
21305,C
27854,C
36164,C
52246,C
26267,C
9192,C
37315,C
45127,C
47495,C
37404,C
31116,C
53189,C
26457,C
21256,C
28374,C
32613,C
4448,C
47470,C
36241,C
51350,C
26806,C
41267,C
42696,C
29521,C
33579,C
48350,C
8207,C
5610,C
37871,C
10080,C
35240,C
33581,C
22297,C
37938,C
41764,C
19424,C
50321,C
35639,C
33205,C
26456,C
40894,C
48990,C
46317,C
31159,C
23783,C
40058,C
26044,C
13982,C
24032,C
11404,C
22518,C
22519,C
22580,C
22594,C
6025,C
6035,C
14075,C
31610,C
43945,C
43372,C
31689,C
31690,C
49715,C
19380,C
31104,C
31117,C
31808,C
31051,C
31053,C
31648,C
11389,C
53658,C
49510,C
902,C
3736,C
31501,C
19658,C
19662,C
31286,C
38762,C
16579,C
38060,C
46512,C
27087,C
52493,C
38915,C
39068,C
21732,C
6260,C
27186,C
10033,C
9720,C
44997,C
38799,C
4581,C
52349,C
38729,C
38697,C
983,C
8778,C
19579,C
43910,C
16426,C
2914,C
27372,C
38892,C
38597,C
38626,C
38528,C
21384,C
21395,C
22839,C
9662,C
14959,C
52204,C
12770,C
37593,C
4431,C
52171,C
10173,C
21368,C
46838,C
52162,C
45984,C
41425,C
41397,C
4714,C
6203,C
21938,C
13102,C
13120,C
25775,C
16036,C
52539,C
52541,C
21983,C
39250,C
39251,C
45933,C
7839,C
46952,C
6342,C
10216,C
10227,C
27852,C
37430,C
21274,C
16960,C
36994,C
37401,C
37405,C
5928,C
38248,C
38251,C
46443,C
1655,C
46960,C
46988,C
37125,C
21251,C
27501,C
27504,C
16554,C
37836,C
4508,C
21519,C
52263,C
27448,C
47080,C
36814,C
44741,C
25380,C
23052,C
53258,C
5906,C
36179,C
28451,C
14935,C
28284,C
6413,C
36828,C
28276,C
28277,C
37287,C
27886,C
36490,C
36423,C
47303,C
28371,C
28359,C
37213,C
21324,C
46740,C
1576,C
16917,C
12698,C
25209,C
44650,C
35881,C
35883,C
17290,C
36266,C
36271,C
28663,C
28588,C
28601,C
47471,C
35832,C
13614,C
25197,C
35846,C
28640,C
35903,C
35904,C
47557,C
35870,C
47713,C
17652,C
21226,C
37073,C
36785,C
28144,C
28061,C
28080,C
36883,C
36907,C
28877,C
17659,C
10479,C
10508,C
35759,C
42008,C
51264,C
17712,C
47761,C
47764,C
9243,C
5315,C
5318,C
42058,C
42220,C
7191,C
35472,C
12167,C
20807,C
51522,C
17609,C
28923,C
35529,C
28567,C
28499,C
35443,C
29026,C
29029,C
29033,C
17737,C
35316,C
35278,C
35294,C
35253,C
14735,C
2486,C
2493,C
42217,C
42218,C
14651,C
35056,C
53772,C
35247,C
47961,C
29083,C
17826,C
35154,C
35041,C
47999,C
48005,C
29193,C
29236,C
13717,C
35191,C
3374,C
1350,C
34827,C
29296,C
29308,C
17873,C
35175,C
32241,C
49394,C
49445,C
50367,C
11546,C
32110,C
30786,C
45304,C
45795,C
7178,C
34923,C
23358,C
24919,C
45097,C
45101,C
2705,C
39548,C
40871,C
22686,C
2706,C
26620,C
22121,C
26586,C
45781,C
15926,C
44439,C
44445,C
44452,C
52906,C
26833,C
45746,C
45751,C
13760,C
34395,C
34401,C
34403,C
34407,C
10718,C
2276,C
42424,C
19067,C
9206,C
32627,C
11028,C
32865,C
32764,C
24871,C
42594,C
32868,C
1122,C
6696,C
6700,C
30536,C
30500,C
32563,C
32517,C
49306,C
32396,C
50412,C
832,C
19125,C
49288,C
49298,C
32239,C
34010,C
34022,C
18358,C
18369,C
1960,C
23522,C
42774,C
40611,C
17990,C
48217,C
48264,C
48266,C
18342,C
11913,C
50904,C
50930,C
34431,C
34449,C
13354,C
29457,C
48133,C
48159,C
48165,C
17976,C
42428,C
42445,C
44367,C
44387,C
23376,C
6534,C
51129,C
18051,C
43674,C
3544,C
20131,C
10906,C
30041,C
33799,C
40770,C
29948,C
29542,C
30186,C
30206,C
2204,C
42922,C
2183,C
2184,C
50747,C
42662,C
42677,C
14515,C
29495,C
40771,C
48353,C
735,C
736,C
34042,C
11964,C
50953,C
34271,C
34366,C
29619,C
48409,C
42482,C
30390,C
30391,C
32938,C
33023,C
40663,C
33156,C
33286,C
3601,C
43064,C
5747,C
9453,C
33095,C
33106,C
48987,C
18976,C
32817,C
18492,C
18499,C
33773,C
32951,C
33041,C
13898,C
2010,C
43062,C
7011,C
13781,C
9269,C
18691,C
50846,C
749,C
20274,C
48568,C
12898,C
41338,C
41370,C
5136,C
53088,C
12906,C
38457,C
9304,C
50333,C
11090,C
32232,C
32236,C
9731,C
13407,C
15604,C
6112,C
13197,C
1784,C
22353,C
52766,C
45483,C
15408,C
8208,C
39800,C
26019,C
22624,C
26389,C
26409,C
4905,C
22437,C
39959,C
43651,C
50280,C
32114,C
32120,C
32134,C
25906,C
5045,C
44052,C
31235,C
30899,C
50211,C
32025,C
32036,C
24363,C
24339,C
32086,C
32005,C
43926,C
43928,C
43942,C
53882,C
43597,C
43620,C
26525,C
13243,C
5458,C
23618,C
23645,C
53579,C
43016,C
43017,C
43019,C
5727,C
33553,C
35941,C
996,C
15469,C
33113,C
31864,C
53689,C
43413,C
18559,C
10993,C
33409,C
43369,C
10677,C
30490,C
50731,C
1199,C
42959,C
29555,C
51069,C
23409,C
15859,C
48020,C
52652,C
35829,C
10541,C
4269,C
53027,C
32001,C
26432,C
41209,C
5145,C
25608,C
40578,C
41859,C
36078,C
17165,C
46896,C
21087,C
16011,C
13093,C
5208,C
21407,C
27594,C
46532,C
5115,C
15231,C
27360,C
24816,C
46041,C
45799,C
8854,C
3980,C
26388,C
47631,C
3239,C
25180,C
5980,C
22702,C
35634,C
11369,C
